*delta = 1 ; gamma, H0, OmegaMatter E [0;10]*[65;75]*[25;35]

gamma=  8.0 ; H0=  70.0 ; OmegaMatter=  0.25 ; min = 1524.2291044955934

CL_68_gamma [8.0, 8.0, 8.0, 8.0]
CL_68_H0 [69.0, 70.0, 71.0, 72.0]
CL_68_OmegaMatter [0.25, 0.25, 0.25, 0.25] -> bizarre pk plusieurs fois la même valeur ?



*delta = 0.5 ; gamma, H0, OmegaMatter E [0;10.5]*[65;75.5]*[25;35.5]

gamma=  8.5 ; H0=  75.0 ; OmegaMatter=  0.26 ; min = 1523.7045787999823

Cl_95 = [8.0, 68.0, 0.25, 8.0, 68.5, 0.25, 8.0, 69.0, 0.25, 8.0, 69.5, 0.25, 8.0, 70.0, 0.25, 8.0, 70.5, 0.25, 8.0, 71.0, 0.25, 8.0, 71.5, 0.25, 8.0, 72.0, 0.25, 8.0, 72.0, 0.255, 8.0, 72.5, 0.25, 8.0, 72.5, 0.255, 8.0, 73.0, 0.25, 8.0, 73.0, 0.255, 8.0, 73.5, 0.255, 8.0, 74.0, 0.255, 8.0, 74.5, 0.255, 8.0, 75.0, 0.255, 8.0, 75.5, 0.255, 8.5, 65.0, 0.25, 8.5, 65.5, 0.25, 8.5, 66.0, 0.25, 8.5, 66.5, 0.25, 8.5, 67.0, 0.25, 8.5, 67.5, 0.25, 8.5, 68.0, 0.25, 8.5, 68.5, 0.25, 8.5, 69.0, 0.25, 8.5, 69.0, 0.255, 8.5, 69.5, 0.25, 8.5, 69.5, 0.255, 8.5, 70.0, 0.255, 8.5, 70.5, 0.255, 8.5, 71.0, 0.255, 8.5, 71.5, 0.255, 8.5, 72.0, 0.255, 8.5, 72.5, 0.255, 8.5, 72.5, 0.26, 8.5, 73.0, 0.255, 8.5, 73.0, 0.26, 8.5, 73.5, 0.255, 8.5, 73.5, 0.26, 8.5, 74.0, 0.26, 8.5, 74.5, 0.26, 8.5, 75.0, 0.26, 8.5, 75.5, 0.26, 9.0, 71.5, 0.26, 9.0, 72.0, 0.26, 9.0, 72.5, 0.26, 9.0, 75.0, 0.265, 9.0, 75.5, 0.265]
nb d'éléments CL_95 = 38.25
CL_68 = [8.0, 69.0, 0.25, 8.0, 69.5, 0.25, 8.0, 70.0, 0.25, 8.0, 70.5, 0.25, 8.0, 71.0, 0.25, 8.0, 71.5, 0.25, 8.0, 72.0, 0.25, 8.0, 73.0, 0.255, 8.0, 73.5, 0.255, 8.0, 74.0, 0.255, 8.0, 74.5, 0.255, 8.0, 75.0, 0.255, 8.0, 75.5, 0.255, 8.5, 66.0, 0.25, 8.5, 66.5, 0.25, 8.5, 67.0, 0.25, 8.5, 67.5, 0.25, 8.5, 68.0, 0.25, 8.5, 68.5, 0.25, 8.5, 69.5, 0.255, 8.5, 70.0, 0.255, 8.5, 70.5, 0.255, 8.5, 71.0, 0.255, 8.5, 71.5, 0.255, 8.5, 72.0, 0.255, 8.5, 72.5, 0.255, 8.5, 73.5, 0.26, 8.5, 74.0, 0.26, 8.5, 74.5, 0.26, 8.5, 75.0, 0.26, 8.5, 75.5, 0.26]
nb d'éléments CL_68 = 23.25
CL_68_gamma [8.0, 8.0, 8.0, 8.0, 8.0, 8.0, 8.0, 8.0, 8.0, 8.0, 8.0, 8.0, 8.0, 8.5, 8.5, 8.5, 8.5, 8.5, 8.5, 8.5, 8.5, 8.5, 8.5, 8.5, 8.5, 8.5, 8.5, 8.5, 8.5, 8.5, 8.5]
CL_68_H0 [69.0, 69.5, 70.0, 70.5, 71.0, 71.5, 72.0, 73.0, 73.5, 74.0, 74.5, 75.0, 75.5, 66.0, 66.5, 67.0, 67.5, 68.0, 68.5, 69.5, 70.0, 70.5, 71.0, 71.5, 72.0, 72.5, 73.5, 74.0, 74.5, 75.0, 75.5]
CL_68_OmegaMatter [0.25, 0.25, 0.25, 0.25, 0.25, 0.25, 0.25, 0.255, 0.255, 0.255, 0.255, 0.255, 0.255, 0.25, 0.25, 0.25, 0.25, 0.25, 0.25, 0.255, 0.255, 0.255, 0.255, 0.255, 0.255, 0.255, 0.26, 0.26, 0.26, 0.26, 0.26]