range [4.5;5.5] pas 0.01 :

gamma=  4.8499999999999925 ; min = 2168.34937326826

Cl_95 = [4.619999999999997, [2171.8960102931437], 12, 4.629999999999997, [2171.5899867368566], 13, 4.639999999999997, [2171.297765175709], 14, 4.649999999999997, [2171.019345609699], 15, 4.659999999999997, [2170.7547280388235], 16, 4.669999999999996, [2170.5039124630894], 17, 4.679999999999996, [2170.2668988824908], 18, 4.689999999999996, [2170.0436872970295], 19, 4.699999999999996, [2169.834277706701], 20, 4.7099999999999955, [2169.638670111514], 21, 4.719999999999995, [2169.4568645114637], 22, 4.729999999999995, [2169.2888609065476], 23, 4.739999999999995, [2169.134659296772], 24, 4.749999999999995, [2168.9942596821274], 25, 4.7599999999999945, [2168.8676620626275], 26, 4.769999999999994, [2168.754866438259], 27, 4.779999999999994, [2168.655872809029], 28, 4.789999999999994, [2168.5706811749387], 29, 4.799999999999994, [2168.4992915359867], 30, 4.809999999999993, [2168.4417038921624], 31, 4.819999999999993, [2168.397918243484], 32, 4.829999999999993, [2168.367934589939], 33, 4.839999999999993, [2168.351752931532], 34, 4.8499999999999925, [2168.34937326826], 35, 4.859999999999992, [2168.3607956001283], 36, 4.869999999999992, [2168.386019927133], 37, 4.879999999999992, [2168.425046249273], 38, 4.889999999999992, [2168.47787456655], 39, 4.8999999999999915, [2168.544504878961], 40, 4.909999999999991, [2168.624937186513], 41, 4.919999999999991, [2168.719171489202], 42, 4.929999999999991, [2168.8272077870283], 43, 4.939999999999991, [2168.949046079988], 44, 4.94999999999999, [2169.0846863680904], 45, 4.95999999999999, [2169.2341286513256], 46, 
4.96999999999999, [2169.3973729296986], 47, 4.97999999999999, [2169.574419203208], 48, 4.9899999999999896, [2169.7652674718556], 49, 4.999999999999989, [2169.969917735641], 50, 5.009999999999989, [2170.188369994562], 51, 5.019999999999989, [2170.4206242486207], 52, 5.029999999999989, [2170.6666804978163], 53, 5.0399999999999885, [2170.926538742146], 54, 5.049999999999988, [2171.200198981616], 55, 5.059999999999988, [2171.4876612162234], 56, 5.069999999999988, [2171.7889254459656], 57, 5.079999999999988, [2172.103991670844], 58]
nb d'éléments CL_95 = 47.0

CL_68 = [4.729999999999995, [2169.2888609065476], 23, 4.739999999999995, [2169.134659296772], 24, 4.749999999999995, [2168.9942596821274], 25, 4.7599999999999945, [2168.8676620626275], 26, 4.769999999999994, [2168.754866438259], 27, 4.779999999999994, [2168.655872809029], 28, 4.789999999999994, [2168.5706811749387], 29, 4.799999999999994, [2168.4992915359867], 30, 4.809999999999993, [2168.4417038921624], 31, 4.819999999999993, [2168.397918243484], 32, 4.829999999999993, [2168.367934589939], 33, 4.839999999999993, [2168.351752931532], 34, 4.8499999999999925, [2168.34937326826], 35, 4.859999999999992, [2168.3607956001283], 36, 4.869999999999992, [2168.386019927133], 37, 4.879999999999992, [2168.425046249273], 38, 4.889999999999992, [2168.47787456655], 39, 4.8999999999999915, [2168.544504878961], 40, 4.909999999999991, [2168.624937186513], 41, 4.919999999999991, [2168.719171489202], 42, 4.929999999999991, [2168.8272077870283], 43, 4.939999999999991, [2168.949046079988], 44, 4.94999999999999, [2169.0846863680904], 45, 4.95999999999999, [2169.2341286513256], 46]
nb d'éléments CL_68 = 24.0



range [4.7;5] pas 0.001 :

gamma=  4.847000000000049 ; min = 2168.34863795775

CI_2σ = [4.7, [2169.8342777067], 0, 4.7010000000000005, [2169.8140958574036], 1, 4.702000000000001, [2169.7940520280545], 2, 4.703000000000001, [2169.7741462186555], 3, 4.7040000000000015, [2169.7543784292097], 4, 4.705000000000002, [2169.734748659717], 5, 4.706000000000002, [2169.7152569101745], 6, 4.7070000000000025, [2169.6959031805854], 7, 4.708000000000003, [2169.676687470937], 8, 4.709000000000003, [2169.657609781253], 9, 4.7100000000000035, [2169.6386701115143], 10, 4.711000000000004, [2169.6198684617284], 11, 4.712000000000004, [2169.6012048318935], 12, 4.7130000000000045, [2169.5826792220096], 13, 4.714000000000005, [2169.564291632078], 14, 4.715000000000005, [2169.546042062095], 15, 4.7160000000000055, [2169.527930512067], 16, 4.717000000000006, [2169.5099569819886], 17, 4.718000000000006, [2169.4921214718624], 18, 4.7190000000000065, [2169.4744239816855], 19, 4.720000000000007, [2169.456864511462], 20, 4.721000000000007, [2169.4394430611915], 21, 4.7220000000000075, [2169.422159630868], 22, 4.723000000000008, [2169.4050142204987], 23, 4.724000000000008, [2169.388006830079], 24, 4.7250000000000085, [2169.371137459615], 25, 4.726000000000009, [2169.3544061090997], 26, 4.727000000000009, [2169.3378127785318], 27, 4.7280000000000095, [2169.3213574679216], 28, 4.72900000000001, [2169.305040177259], 29, 4.73000000000001, [2169.28886090655], 30, 4.7310000000000105, [2169.2728196557887], 31, 4.732000000000011, [2169.256916424983], 32, 4.733000000000011, [2169.2411512141257], 33, 4.7340000000000115, [2169.225524023219], 34, 4.735000000000012, [2169.2100348522677], 35, 4.736000000000012, [2169.194683701263], 36, 4.7370000000000125, [2169.179470570214], 37, 4.738000000000013, [2169.1643954591163], 38, 4.739000000000013, [2169.149458367968], 39, 4.7400000000000135, [2169.1346592967716], 40, 4.741000000000014, 
[2169.119998245524], 41, 4.742000000000014, [2169.1054752142313], 42, 4.7430000000000145, [2169.0910902028927], 43, 4.744000000000015, [2169.0768432114983], 44, 4.745000000000015, [2169.062734240059], 45, 4.7460000000000155, [2169.048763288569], 46, 4.747000000000016, [2169.0349303570324], 47, 4.748000000000016, [2169.0212354454493], 48, 4.7490000000000165, [2169.007678553812], 49, 4.750000000000017, [2168.994259682128], 50, 4.751000000000017, [2168.9809788303987], 51, 4.7520000000000175, [2168.9678359986174], 52, 4.753000000000018, [2168.9548311867898], 53, 4.754000000000018, [2168.941964394911], 54, 4.7550000000000185, [2168.929235622986], 55, 4.756000000000019, [2168.9166448710116], 56, 4.757000000000019, [2168.9041921389876], 57, 4.7580000000000195, [2168.8918774269187], 58, 4.75900000000002, [2168.8797007347953], 59, 4.76000000000002, [2168.8676620626256], 60, 4.7610000000000205, [2168.855761410408], 61, 4.762000000000021, [2168.843998778143], 62, 4.763000000000021, [2168.832374165827], 63, 4.7640000000000216, [2168.8208875734636], 64, 4.765000000000022, [2168.809539001051], 65, 4.766000000000022, [2168.798328448588], 66, 4.7670000000000226, [2168.787255916081], 67, 4.768000000000023, [2168.776321403523], 68, 4.769000000000023, [2168.7655249109166], 69, 4.7700000000000236, [2168.7548664382593], 70, 4.771000000000024, [2168.744345985559], 71, 4.772000000000024, [2168.7339635528024], 72, 4.773000000000025, [2168.7237191400036], 73, 4.774000000000025, [2168.7136127471504], 74, 4.775000000000025, [2168.7036443742563], 75, 4.776000000000026, [2168.693814021306], 76, 4.777000000000026, [2168.684121688308], 77, 4.778000000000026, [2168.6745673752657], 78, 4.779000000000027, [2168.665151082174], 79, 4.780000000000027, [2168.6558728090304], 80, 4.781000000000027, [2168.6467325558415], 81, 4.782000000000028, [2168.6377303226036], 82, 4.783000000000028, [2168.6288661093145], 83, 4.784000000000028, [2168.620139915977], 84, 4.785000000000029, [2168.611551742592], 85, 4.786000000000029, [2168.6031015891563], 86, 4.787000000000029, [2168.594789455677], 87, 4.78800000000003, [2168.5866153421457], 88, 4.78900000000003, [2168.5785792485663], 89, 4.79000000000003, [2168.5706811749396], 90, 4.791000000000031, [2168.5629211212636], 91, 4.792000000000031, [2168.5552990875367], 92, 4.793000000000031, [2168.5478150737645], 93, 4.794000000000032, [2168.5404690799405], 94, 4.795000000000032, [2168.533261106069], 95, 4.796000000000032, [2168.5261911521497], 96, 4.797000000000033, [2168.519259218181], 97, 4.798000000000033, [2168.51246530416], 98, 4.799000000000033, [2168.5058094100946], 99, 4.800000000000034, [2168.4992915359835], 100, 4.801000000000034, [2168.492911681819], 101, 4.802000000000034, [2168.4866698476076], 102, 4.803000000000035, [2168.480566033347], 103, 4.804000000000035, [2168.4746002390384], 104, 4.805000000000035, [2168.468772464681], 105, 4.806000000000036, [2168.4630827102746], 106, 4.807000000000036, [2168.457530975822], 107, 4.808000000000036, [2168.4521172613163], 108, 4.809000000000037, [2168.446841566765], 109, 4.810000000000037, [2168.441703892164], 110, 4.811000000000037, [2168.4367042375147], 111, 4.812000000000038, [2168.4318426028176], 112, 4.813000000000038, [2168.4271189880724], 113, 4.814000000000038, [2168.4225333932754], 114, 4.815000000000039, [2168.4180858184322], 115, 4.816000000000039, [2168.4137762635387], 116, 4.817000000000039, [2168.409604728598], 117, 4.81800000000004, [2168.405571213609], 118, 4.81900000000004, [2168.401675718568], 119, 4.82000000000004, [2168.397918243483], 120, 4.821000000000041, [2168.3942987883465], 121, 4.822000000000041, [2168.3908173531618], 122, 4.823000000000041, 
[2168.38747393793], 123, 4.824000000000042, [2168.3842685426475], 124, 4.825000000000042, [2168.381201167317], 125, 4.826000000000042, [2168.3782718119387], 126, 4.827000000000043, [2168.3754804765163], 127, 4.828000000000043, [2168.3728271610353], 128, 4.829000000000043, [2168.3703118655117], 129, 4.830000000000044, [2168.3679345899386], 130, 4.831000000000044, [2168.365695334318], 131, 4.832000000000044, [2168.3635940986446], 132, 4.833000000000045, [2168.361630882925], 133, 4.834000000000045, [2168.359805687159], 134, 4.835000000000045, [2168.3581185113444], 135, 4.836000000000046, [2168.356569355478], 136, 4.837000000000046, [2168.355158219563], 137, 4.838000000000046, [2168.3538851036055], 138, 4.839000000000047, [2168.352750007592], 139, 4.840000000000047, [2168.3517529315286], 140, 4.841000000000047, [2168.3508938754226], 141, 4.842000000000048, [2168.3501728392666], 142, 4.843000000000048, [2168.349589823061], 143, 4.844000000000048, [2168.349144826808], 144, 4.845000000000049, [2168.348837850503], 145, 4.846000000000049, [2168.348668894152], 146, 4.847000000000049, [2168.34863795775], 147, 4.84800000000005, [2168.3487450413036], 148, 4.84900000000005, [2168.348990144809], 149, 4.85000000000005, [2168.3493732682614], 150, 4.851000000000051, [2168.349894411663], 151, 4.852000000000051, [2168.350553575022], 152, 4.853000000000051, [2168.351350758332], 
153, 4.854000000000052, [2168.352285961592], 154, 4.855000000000052, [2168.353359184802], 155, 4.856000000000052, [2168.354570427965], 156, 4.857000000000053, [2168.35591969108], 157, 4.858000000000053, [2168.3574069741417], 158, 
4.859000000000053, [2168.3590322771606], 159, 4.860000000000054, [2168.3607956001265], 160, 4.861000000000054, [2168.3626969430434], 161, 4.862000000000054, [2168.36473630592], 162, 4.863000000000055, [2168.3669136887384], 163, 4.864000000000055, [2168.369229091512], 164, 4.865000000000055, [2168.371682514236], 165, 4.866000000000056, [2168.3742739569116], 166, 4.867000000000056, [2168.377003419541], 167, 4.868000000000056, [2168.379870902119], 168, 4.869000000000057, [2168.3828764046484], 169, 4.870000000000057, [2168.3860199271317], 170, 4.871000000000057, [2168.3893014695645], 171, 4.872000000000058, [2168.3927210319493], 172, 4.873000000000058, [2168.3962786142815], 173, 4.874000000000058, [2168.3999742165684], 174, 4.875000000000059, [2168.403807838811], 175, 4.876000000000059, [2168.4077794809973], 176, 4.877000000000059, [2168.4118891431413], 177, 4.87800000000006, [2168.416136825234], 178, 4.87900000000006, [2168.4205225272776], 179, 4.88000000000006, [2168.425046249271], 180, 4.881000000000061, [2168.429707991216], 181, 4.882000000000061, [2168.4345077531148], 182, 4.883000000000061, [2168.4394455349643], 183, 4.884000000000062, [2168.4445213367644], 184, 4.885000000000062, [2168.4497351585183], 185, 4.886000000000062, [2168.4550870002217], 186, 4.887000000000063, [2168.4605768618762], 187, 4.888000000000063, [2168.466204743481], 188, 4.889000000000063, [2168.471970645041], 189, 4.890000000000064, [2168.4778745665485], 190, 4.891000000000064, [2168.4839165080075], 191, 4.892000000000064, [2168.490096469421], 192, 4.893000000000065, [2168.496414450784], 193, 4.894000000000065, [2168.5028704520987], 194, 4.895000000000065, [2168.5094644733645], 195, 4.896000000000066, [2168.516196514581], 196, 4.897000000000066, [2168.5230665757517], 197, 4.898000000000066, [2168.530074656866], 198, 4.899000000000067, 
[2168.53722075794], 199, 4.900000000000067, [2168.5445048789625], 200, 4.901000000000067, [2168.551927019938], 201, 4.902000000000068, [2168.559487180862], 202, 4.903000000000068, [2168.567185361738], 203, 4.904000000000068, [2168.575021562565], 204, 4.905000000000069, [2168.582995783347], 205, 4.906000000000069, [2168.591108024079], 206, 4.907000000000069, [2168.5993582847595], 207, 4.90800000000007, [2168.607746565393], 208, 4.90900000000007, [2168.6162728659774], 209, 4.91000000000007, [2168.6249371865124], 210, 4.911000000000071, [2168.6337395270007], 211, 4.912000000000071, [2168.6426798874413], 212, 4.913000000000071, [2168.651758267832], 213, 4.914000000000072, [2168.660974668174], 214, 4.915000000000072, [2168.6703290884684], 215, 4.916000000000072, [2168.679821528709], 216, 4.917000000000073, [2168.6894519889074], 217, 4.918000000000073, [2168.6992204690523], 218, 4.919000000000073, [2168.709126969155], 219, 4.920000000000074, [2168.719171489201], 220, 4.921000000000074, [2168.7293540292026], 221, 4.922000000000074, [2168.739674589156], 222, 4.923000000000075, [2168.7501331690623], 223, 4.924000000000075, [2168.760729768919], 224, 4.925000000000075, [2168.7714643887225], 225, 4.926000000000076, [2168.782337028481], 226, 4.927000000000076, [2168.7933476881913], 227, 4.928000000000076, [2168.8044963678535], 228, 4.929000000000077, [2168.815783067467], 229, 4.930000000000077, [2168.8272077870297], 230, 4.931000000000077, [2168.8387705265463], 231, 4.932000000000078, [2168.8504712860113], 232, 4.933000000000078, [2168.862310065428], 233, 4.934000000000078, [2168.874286864797], 234, 4.935000000000079, [2168.8864016841158], 235, 4.936000000000079, [2168.898654523389], 236, 4.937000000000079, [2168.911045382613], 237, 4.93800000000008, [2168.9235742617884], 238, 4.93900000000008, [2168.9362411609104], 239, 
4.94000000000008, [2168.94904607999], 240, 4.941000000000081, [2168.9619890190183], 241, 4.942000000000081, [2168.9750699780016], 242, 4.943000000000081, [2168.9882889569317], 243, 4.944000000000082, [2169.001645955812], 244, 4.945000000000082, [2169.0151409746495], 245, 4.946000000000082, [2169.028774013432], 246, 4.947000000000083, [2169.0425450721723], 247, 4.948000000000083, [2169.0564541508597], 248, 4.949000000000083, [2169.070501249499], 249, 4.950000000000084, [2169.0846863680904], 250, 4.951000000000084, [2169.0990095066354], 251, 4.952000000000084, [2169.113470665128], 252, 4.953000000000085, [2169.1280698435726], 253, 4.954000000000085, [2169.1428070419697], 254, 4.955000000000085, [2169.1576822603174], 255, 4.956000000000086, [2169.1726954986148], 256, 4.957000000000086, [2169.1878467568695], 257, 4.958000000000086, [2169.203136035069], 258, 4.959000000000087, [2169.2185633332215], 259, 4.960000000000087, [2169.234128651324], 260, 4.961000000000087, [2169.249831989385], 261, 4.962000000000088, [2169.2656733473937], 262, 4.963000000000088, [2169.28165272535], 263, 4.964000000000088, [2169.297770123258], 264, 4.965000000000089, [2169.3140255411213], 265, 4.966000000000089, [2169.330418978933], 266, 4.967000000000089, [2169.3469504367], 267, 4.96800000000009, [2169.363619914414], 268, 4.96900000000009, [2169.3804274120807], 269, 4.97000000000009, [2169.3973729296986], 270, 4.971000000000091, [2169.4144564672674], 271, 4.972000000000091, [2169.4316780247896], 272, 4.973000000000091, [2169.449037602264], 273, 4.974000000000092, [2169.466535199689], 274, 4.975000000000092, [2169.484170817062], 275, 4.976000000000092, [2169.5019444543905], 276, 4.977000000000093, [2169.5198561116713], 277, 4.978000000000093, [2169.537905788899], 278, 4.979000000000093, [2169.5560934860778], 279, 4.980000000000094, [2169.574419203211], 280, 4.981000000000094, [2169.5928829402947], 281, 4.982000000000094, [2169.61148469733], 282, 4.983000000000095, [2169.6302244743147], 283, 4.984000000000095, [2169.6491022712526], 284, 4.985000000000095, [2169.6681180881424], 285, 4.986000000000096, [2169.687271924985], 286, 4.987000000000096, [2169.7065637817755], 287, 4.988000000000096, [2169.725993658516], 288, 4.989000000000097, [2169.745561555212], 289, 4.990000000000097, [2169.76526747186], 290, 4.991000000000097, [2169.7851114084547], 291, 4.992000000000098, [2169.805093365], 292, 4.993000000000098, [2169.825213341503], 293, 4.994000000000098, [2169.8454713379556], 294, 4.995000000000099, [2169.865867354359], 295, 4.996000000000099, [2169.8864013907123], 296, 4.997000000000099, [2169.9070734470156], 297, 4.9980000000001, [2169.9278835232744], 298, 4.9990000000001, [2169.948831619484], 299, 5.0000000000001, [2169.969917735642], 300, 5.001000000000101, [2169.9911418717534], 301]
nb d'éléments CI_2σ = 302.0

CI_1σ = [4.727000000000009, [2169.3378127785318], 27, 4.7280000000000095, [2169.3213574679216], 28, 4.72900000000001, [2169.305040177259], 29, 4.73000000000001, [2169.28886090655], 30, 4.7310000000000105, [2169.2728196557887], 31, 4.732000000000011, [2169.256916424983], 32, 4.733000000000011, [2169.2411512141257], 33, 4.7340000000000115, [2169.225524023219], 34, 4.735000000000012, [2169.2100348522677], 35, 4.736000000000012, [2169.194683701263], 36, 4.7370000000000125, [2169.179470570214], 37, 4.738000000000013, [2169.1643954591163], 38, 4.739000000000013, [2169.149458367968], 39, 4.7400000000000135, [2169.1346592967716], 40, 4.741000000000014, [2169.119998245524], 41, 4.742000000000014, [2169.1054752142313], 42, 4.7430000000000145, [2169.0910902028927], 43, 4.744000000000015, [2169.0768432114983], 44, 4.745000000000015, [2169.062734240059], 45, 4.7460000000000155, [2169.048763288569], 46, 4.747000000000016, [2169.0349303570324], 47, 4.748000000000016, [2169.0212354454493], 48, 4.7490000000000165, [2169.007678553812], 49, 4.750000000000017, [2168.994259682128], 50, 4.751000000000017, [2168.9809788303987], 51, 4.7520000000000175, [2168.9678359986174], 52, 4.753000000000018, [2168.9548311867898], 53, 4.754000000000018, [2168.941964394911], 54, 4.7550000000000185, [2168.929235622986], 55, 4.756000000000019, [2168.9166448710116], 56, 4.757000000000019, [2168.9041921389876], 57, 4.7580000000000195, [2168.8918774269187], 58, 4.75900000000002, [2168.8797007347953], 59, 4.76000000000002, [2168.8676620626256], 60, 4.7610000000000205, [2168.855761410408], 61, 4.762000000000021, [2168.843998778143], 62, 4.763000000000021, [2168.832374165827], 63, 4.7640000000000216, [2168.8208875734636], 64, 4.765000000000022, [2168.809539001051], 65, 4.766000000000022, [2168.798328448588], 66, 4.7670000000000226, [2168.787255916081], 67, 4.768000000000023, [2168.776321403523], 68, 4.769000000000023, [2168.7655249109166], 69, 4.7700000000000236, [2168.7548664382593], 70, 4.771000000000024, [2168.744345985559], 71, 4.772000000000024, [2168.7339635528024], 72, 4.773000000000025, [2168.7237191400036], 73, 4.774000000000025, [2168.7136127471504], 74, 4.775000000000025, [2168.7036443742563], 75, 4.776000000000026, [2168.693814021306], 76, 4.777000000000026, [2168.684121688308], 77, 4.778000000000026, [2168.6745673752657], 78, 4.779000000000027, [2168.665151082174], 79, 4.780000000000027, [2168.6558728090304], 80, 4.781000000000027, [2168.6467325558415], 81, 4.782000000000028, [2168.6377303226036], 82, 4.783000000000028, [2168.6288661093145], 83, 4.784000000000028, [2168.620139915977], 84, 4.785000000000029, [2168.611551742592], 85, 4.786000000000029, [2168.6031015891563], 86, 4.787000000000029, [2168.594789455677], 87, 4.78800000000003, [2168.5866153421457], 88, 4.78900000000003, [2168.5785792485663], 89, 4.79000000000003, [2168.5706811749396], 90, 4.791000000000031, [2168.5629211212636], 91, 4.792000000000031, [2168.5552990875367], 92, 4.793000000000031, [2168.5478150737645], 93, 4.794000000000032, [2168.5404690799405], 94, 4.795000000000032, [2168.533261106069], 95, 4.796000000000032, [2168.5261911521497], 96, 4.797000000000033, [2168.519259218181], 97, 4.798000000000033, [2168.51246530416], 
98, 4.799000000000033, [2168.5058094100946], 99, 4.800000000000034, [2168.4992915359835], 100, 4.801000000000034, [2168.492911681819], 101, 4.802000000000034, [2168.4866698476076], 102, 4.803000000000035, [2168.480566033347], 103, 4.804000000000035, [2168.4746002390384], 104, 4.805000000000035, [2168.468772464681], 105, 4.806000000000036, [2168.4630827102746], 106, 4.807000000000036, [2168.457530975822], 107, 4.808000000000036, [2168.4521172613163], 108, 4.809000000000037, [2168.446841566765], 109, 4.810000000000037, [2168.441703892164], 110, 4.811000000000037, [2168.4367042375147], 111, 4.812000000000038, [2168.4318426028176], 112, 4.813000000000038, [2168.4271189880724], 113, 4.814000000000038, [2168.4225333932754], 114, 4.815000000000039, [2168.4180858184322], 115, 4.816000000000039, [2168.4137762635387], 116, 4.817000000000039, [2168.409604728598], 117, 4.81800000000004, [2168.405571213609], 118, 4.81900000000004, [2168.401675718568], 119, 4.82000000000004, [2168.397918243483], 120, 4.821000000000041, [2168.3942987883465], 121, 4.822000000000041, [2168.3908173531618], 122, 4.823000000000041, [2168.38747393793], 123, 4.824000000000042, [2168.3842685426475], 124, 4.825000000000042, [2168.381201167317], 125, 4.826000000000042, [2168.3782718119387], 126, 4.827000000000043, [2168.3754804765163], 127, 4.828000000000043, [2168.3728271610353], 128, 4.829000000000043, [2168.3703118655117], 129, 4.830000000000044, [2168.3679345899386], 130, 4.831000000000044, [2168.365695334318], 131, 4.832000000000044, [2168.3635940986446], 132, 4.833000000000045, [2168.361630882925], 133, 4.834000000000045, [2168.359805687159], 134, 4.835000000000045, [2168.3581185113444], 135, 4.836000000000046, [2168.356569355478], 136, 4.837000000000046, [2168.355158219563], 137, 4.838000000000046, [2168.3538851036055], 138, 4.839000000000047, [2168.352750007592], 139, 4.840000000000047, [2168.3517529315286], 140, 4.841000000000047, [2168.3508938754226], 141, 4.842000000000048, [2168.3501728392666], 142, 4.843000000000048, [2168.349589823061], 143, 4.844000000000048, [2168.349144826808], 144, 4.845000000000049, [2168.348837850503], 145, 4.846000000000049, [2168.348668894152], 146, 4.847000000000049, [2168.34863795775], 147, 4.84800000000005, [2168.3487450413036], 148, 4.84900000000005, [2168.348990144809], 149, 4.85000000000005, [2168.3493732682614], 150, 4.851000000000051, [2168.349894411663], 151, 4.852000000000051, [2168.350553575022], 152, 4.853000000000051, [2168.351350758332], 153, 4.854000000000052, [2168.352285961592], 154, 4.855000000000052, [2168.353359184802], 155, 4.856000000000052, [2168.354570427965], 156, 4.857000000000053, [2168.35591969108], 157, 4.858000000000053, [2168.3574069741417], 158, 4.859000000000053, [2168.3590322771606], 159, 4.860000000000054, [2168.3607956001265], 160, 4.861000000000054, [2168.3626969430434], 161, 4.862000000000054, [2168.36473630592], 162, 4.863000000000055, [2168.3669136887384], 163, 4.864000000000055, [2168.369229091512], 164, 4.865000000000055, [2168.371682514236], 165, 4.866000000000056, [2168.3742739569116], 166, 4.867000000000056, [2168.377003419541], 167, 4.868000000000056, [2168.379870902119], 168, 4.869000000000057, [2168.3828764046484], 169, 4.870000000000057, [2168.3860199271317], 170, 4.871000000000057, [2168.3893014695645], 171, 4.872000000000058, [2168.3927210319493], 172, 4.873000000000058, [2168.3962786142815], 173, 4.874000000000058, [2168.3999742165684], 174, 4.875000000000059, [2168.403807838811], 175, 4.876000000000059, [2168.4077794809973], 176, 4.877000000000059, [2168.4118891431413], 177, 4.87800000000006, [2168.416136825234], 178, 4.87900000000006, [2168.4205225272776], 179, 4.88000000000006, [2168.425046249271], 180, 4.881000000000061, [2168.429707991216], 181, 4.882000000000061, [2168.4345077531148], 182, 4.883000000000061, [2168.4394455349643], 183, 4.884000000000062, [2168.4445213367644], 184, 4.885000000000062, [2168.4497351585183], 185, 4.886000000000062, [2168.4550870002217], 186, 4.887000000000063, [2168.4605768618762], 187, 4.888000000000063, [2168.466204743481], 188, 4.889000000000063, [2168.471970645041], 189, 4.890000000000064, [2168.4778745665485], 190, 4.891000000000064, [2168.4839165080075], 191, 4.892000000000064, [2168.490096469421], 192, 4.893000000000065, [2168.496414450784], 193, 4.894000000000065, [2168.5028704520987], 194, 4.895000000000065, [2168.5094644733645], 195, 4.896000000000066, [2168.516196514581], 196, 4.897000000000066, [2168.5230665757517], 197, 4.898000000000066, [2168.530074656866], 198, 4.899000000000067, [2168.53722075794], 199, 4.900000000000067, [2168.5445048789625], 200, 4.901000000000067, [2168.551927019938], 201, 4.902000000000068, [2168.559487180862], 202, 4.903000000000068, [2168.567185361738], 203, 4.904000000000068, [2168.575021562565], 204, 4.905000000000069, [2168.582995783347], 205, 4.906000000000069, [2168.591108024079], 206, 4.907000000000069, [2168.5993582847595], 207, 4.90800000000007, [2168.607746565393], 208, 4.90900000000007, [2168.6162728659774], 209, 4.91000000000007, [2168.6249371865124], 210, 4.911000000000071, [2168.6337395270007], 211, 4.912000000000071, [2168.6426798874413], 212, 4.913000000000071, [2168.651758267832], 213, 4.914000000000072, [2168.660974668174], 214, 4.915000000000072, [2168.6703290884684], 215, 4.916000000000072, [2168.679821528709], 216, 4.917000000000073, [2168.6894519889074], 217, 4.918000000000073, [2168.6992204690523], 218, 4.919000000000073, [2168.709126969155], 219, 4.920000000000074, [2168.719171489201], 220, 4.921000000000074, [2168.7293540292026], 221, 4.922000000000074, [2168.739674589156], 222, 4.923000000000075, [2168.7501331690623], 223, 4.924000000000075, [2168.760729768919], 224, 4.925000000000075, [2168.7714643887225], 225, 4.926000000000076, [2168.782337028481], 226, 4.927000000000076, [2168.7933476881913], 227, 4.928000000000076, [2168.8044963678535], 228, 4.929000000000077, [2168.815783067467], 229, 4.930000000000077, [2168.8272077870297], 230, 4.931000000000077, [2168.8387705265463], 231, 4.932000000000078, [2168.8504712860113], 232, 4.933000000000078, [2168.862310065428], 233, 4.934000000000078, [2168.874286864797], 234, 4.935000000000079, [2168.8864016841158], 235, 4.936000000000079, [2168.898654523389], 236, 4.937000000000079, [2168.911045382613], 237, 4.93800000000008, [2168.9235742617884], 238, 4.93900000000008, [2168.9362411609104], 239, 4.94000000000008, [2168.94904607999], 240, 4.941000000000081, [2168.9619890190183], 241, 4.942000000000081, [2168.9750699780016], 242, 4.943000000000081, [2168.9882889569317], 243, 4.944000000000082, [2169.001645955812], 244, 4.945000000000082, [2169.0151409746495], 
245, 4.946000000000082, [2169.028774013432], 246, 4.947000000000083, [2169.0425450721723], 247, 4.948000000000083, [2169.0564541508597], 248, 4.949000000000083, [2169.070501249499], 249, 4.950000000000084, [2169.0846863680904], 250, 4.951000000000084, [2169.0990095066354], 251, 4.952000000000084, [2169.113470665128], 252, 4.953000000000085, [2169.1280698435726], 253, 4.954000000000085, [2169.1428070419697], 254, 4.955000000000085, [2169.1576822603174], 255, 4.956000000000086, [2169.1726954986148], 256, 4.957000000000086, [2169.1878467568695], 257, 4.958000000000086, [2169.203136035069], 258, 4.959000000000087, [2169.2185633332215], 259, 4.960000000000087, [2169.234128651324], 260, 
4.961000000000087, [2169.249831989385], 261, 4.962000000000088, [2169.2656733473937], 262, 4.963000000000088, [2169.28165272535], 263, 4.964000000000088, [2169.297770123258], 264, 4.965000000000089, [2169.3140255411213], 265, 4.966000000000089, [2169.330418978933], 266, 4.967000000000089, [2169.3469504367], 267]
nb d'éléments CI_1σ = 241.0

