*delta = 0.1 ; gamma*H0 E [0;10]*[65;75]

gamma=  0.006000000000000001 ; H0=  73.29999999999953 ; min = 1523.078583788797

CI_2σ = [[1528.9211280758345], 0.001, 72.69999999999956, [1527.6919736575526], 0.001, 72.79999999999956, [1527.7832655227398], 0.001, 72.89999999999955, [1529.189577009845], 0.001, 72.99999999999955, [1527.1485010295846], 0.002, 72.79999999999956, [1526.0665523930331], 0.002, 72.89999999999955, [1526.3012316592344], 0.002, 72.99999999999955, [1527.8471349921203], 0.002, 73.09999999999954, [1527.9852279153138], 0.0030000000000000005, 72.79999999999956, [1525.730038777023], 0.0030000000000000005, 72.89999999999955, [1524.7930858223208], 0.0030000000000000005, 72.99999999999955, [1525.1689608119034], 0.0030000000000000005, 73.09999999999954, [1526.8522826021174], 0.0030000000000000005, 73.19999999999953, [1526.7737246747108], 0.004, 72.89999999999955, [1524.6651394991047], 0.004, 72.99999999999955, [1523.8709861453835], 0.004, 73.09999999999954, [1524.3858790847187], 0.004, 73.19999999999953, [1526.2044597338372], 0.004, 73.29999999999953, [1529.1976100861013], 0.005, 72.89999999999955, [1525.917392689592], 0.005, 72.99999999999955, [1523.9532109925674], 0.005, 73.09999999999954, [1523.2996750810235], 0.005, 73.19999999999953, [1523.9514220044691], 0.005, 73.29999999999953, [1525.9031156088736], 0.005, 73.39999999999952, [1529.1494463709375], 0.005, 73.49999999999952, [1528.549845393775], 0.006000000000000001, 72.99999999999955, [1525.4156353534472], 0.006000000000000001, 73.09999999999954, [1523.5936705910237], 0.006000000000000001, 73.19999999999953, [1523.078583788797], 0.006000000000000001, 73.29999999999953, [1523.8650344433806], 0.006000000000000001, 73.39999999999952, [1525.9477086998857], 0.006000000000000001, 73.49999999999952, [1528.2582592280262], 0.007000000000000001, 73.09999999999954, [1525.2678656147225], 0.007000000000000001, 73.19999999999953, [1523.5859450868238], 0.007000000000000001, 73.29999999999953, [1523.2071527915873], 0.007000000000000001, 73.39999999999952, [1524.126170542533], 0.007000000000000001, 73.49999999999952, [1526.3377066546627], 0.007000000000000001, 73.59999999999951, [1528.322260152121], 0.008, 73.19999999999953, [1525.4735058985495], 0.008, 73.29999999999953, [1523.9294706534924], 0.008, 73.39999999999952, [1523.6848318988789], 0.008, 73.49999999999952, [1524.7342936357882], 0.008, 73.59999999999951, [1527.0725862208749], 
0.008, 73.6999999999995, [1528.7412662239765], 0.009000000000000001, 73.29999999999953, [1526.0319880290988], 0.009000000000000001, 73.39999999999952, [1524.6236927689256], 0.009000000000000001, 73.49999999999952, [1524.5110801306153], 0.009000000000000001, 73.59999999999951, [1525.68887617447], 0.009000000000000001, 73.6999999999995, [1528.1518331714374], 0.009000000000000001, 73.7999999999995, [1526.9427531526678], 0.01, 73.49999999999952, [1525.6680661391372], 0.01, 73.59999999999951, [1525.6853656417604], 0.01, 73.6999999999995, [1526.9893996526114], 0.01, 73.7999999999995, [1528.2052516613624], 0.011000000000000001, 73.59999999999951, [1527.062054622754], 0.011000000000000001, 73.6999999999995, [1527.2071656474877], 0.011000000000000001, 73.7999999999995, [1528.6353545328918], 0.011000000000000001, 73.8999999999995, [1528.8051311560566], 0.012000000000000002, 73.7999999999995, [1529.0759663489669], 0.012000000000000002, 73.8999999999995]
nb d'éléments CI_2σ = 59.0

CI_1σ = [[1524.7930858223208], 0.0030000000000000005, 72.99999999999955, [1525.1689608119034], 0.0030000000000000005, 73.09999999999954, [1524.6651394991047], 0.004, 72.99999999999955, [1523.8709861453835], 0.004, 73.09999999999954, [1524.3858790847187], 0.004, 73.19999999999953, [1523.9532109925674], 0.005, 73.09999999999954, [1523.2996750810235], 0.005, 73.19999999999953, [1523.9514220044691], 0.005, 73.29999999999953, [1523.5936705910237], 0.006000000000000001, 73.19999999999953, [1523.078583788797], 0.006000000000000001, 73.29999999999953, [1523.8650344433806], 0.006000000000000001, 73.39999999999952, [1525.2678656147225], 0.007000000000000001, 73.19999999999953, [1523.5859450868238], 0.007000000000000001, 73.29999999999953, [1523.2071527915873], 0.007000000000000001, 73.39999999999952, [1524.126170542533], 0.007000000000000001, 73.49999999999952, [1523.9294706534924], 0.008, 73.39999999999952, [1523.6848318988789], 0.008, 73.49999999999952, [1524.7342936357882], 0.008, 73.59999999999951, [1524.6236927689256], 0.009000000000000001, 73.49999999999952, [1524.5110801306153], 0.009000000000000001, 73.59999999999951]
nb d'éléments CI_1σ = 20.0

CI_1σ_gamma = [0.0030000000000000005, 0.0030000000000000005, 0.004, 0.004, 0.004, 0.005, 0.005, 0.005, 0.006000000000000001, 0.006000000000000001, 0.006000000000000001, 0.007000000000000001, 0.007000000000000001, 0.007000000000000001, 0.007000000000000001, 0.008, 0.008, 0.008, 0.009000000000000001, 0.009000000000000001]

CI_1σ_H0= [72.99999999999955, 72.99999999999955, 73.09999999999954, 73.09999999999954, 73.09999999999954, 73.19999999999953, 73.19999999999953, 73.19999999999953, 73.19999999999953, 73.29999999999953, 73.29999999999953, 73.29999999999953, 73.39999999999952, 73.39999999999952, 73.39999999999952, 73.49999999999952, 73.49999999999952, 73.49999999999952, 73.59999999999951, 73.59999999999951]



gamma=  0.005999999999999801 ; H0=  73.29999999999953 ; min = 1523.0872484293643

*delta = 0.1 ; gamma*H0 E [-5;5]*[65;75]

CI_2σ = [[1529.0215509820466], 0.0009999999999998187, 72.69999999999956, [1528.191105313248], 0.0009999999999998187, 72.79999999999956, [1528.6805586267867], 0.0009999999999998187, 72.89999999999955, [1529.233614756614], 0.0019999999999998153, 72.69999999999956, [1527.1611578507598], 0.0019999999999998153, 72.79999999999956, [1526.4103048162297], 0.0019999999999998153, 72.89999999999955, [1526.9756258178304], 0.0019999999999998153, 72.99999999999955, [1528.8517182621017], 0.0019999999999998153, 73.09999999999954, [1527.6742704045828], 0.002999999999999812, 72.79999999999956, [1525.6831110219848], 0.002999999999999812, 72.89999999999955, [1525.0098258903718], 0.002999999999999812, 72.99999999999955, [1525.6490077613478], 0.002999999999999812, 73.09999999999954, [1527.5952764781148], 0.002999999999999812, 73.19999999999953, [1526.4989772440545], 0.003999999999999808, 72.89999999999955, [1524.5870859792278], 0.003999999999999808, 72.99999999999955, [1523.989357276908], 0.003999999999999808, 73.09999999999954, [1524.7004063444524], 0.003999999999999808, 73.19999999999953, [1526.7148753317567], 0.003999999999999808, 73.29999999999953, [1528.8579034824431], 0.004999999999999805, 72.89999999999955, [1525.7074060844031], 0.004999999999999805, 72.99999999999955, [1523.8727668087881], 0.004999999999999805, 73.09999999999954, [1523.3485962271095], 0.004999999999999805, 73.19999999999953, [1524.1295318724028], 0.004999999999999805, 73.29999999999953, 
[1526.2102380722072], 0.004999999999999805, 73.39999999999952, [1528.3707862058927], 0.005999999999999801, 72.99999999999955, [1525.2992363569824], 0.005999999999999801, 73.09999999999954, [1523.5398461260802], 0.005999999999999801, 73.19999999999953, [1523.0872484293643], 0.005999999999999801, 73.29999999999953, [1523.9361029963939], 0.005999999999999801, 73.39999999999952, [1526.081096204225], 0.005999999999999801, 73.49999999999952, [1528.2687659214926], 0.006999999999999797, 73.09999999999954, [1525.2741560413674], 0.006999999999999797, 73.19999999999953, [1523.5880250026405], 0.006999999999999797, 73.29999999999953, [1523.2050279368955], 0.006999999999999797, 73.39999999999952, [1524.119846641991], 0.006999999999999797, 73.49999999999952, [1526.3271894173813], 0.006999999999999797, 73.59999999999951, [1528.5515259729702], 0.007999999999999794, 73.19999999999953, [1525.6318615922328], 0.007999999999999794, 73.29999999999953, [1524.017012893713], 0.007999999999999794, 73.39999999999952, [1523.7016570960723], 0.007999999999999794, 73.49999999999952, [1524.6804979382473], 0.007999999999999794, 73.59999999999951, [1526.9482655157913], 0.007999999999999794, 73.6999999999995, [1529.218758198137], 0.008999999999999791, 73.29999999999953, [1526.3720578668424], 0.008999999999999791, 73.39999999999952, [1524.8265275664664], 0.008999999999999791, 73.49999999999952, [1524.5768664754246], 0.008999999999999791, 73.59999999999951, [1525.6178001473304], 0.008999999999999791, 73.6999999999995, [1527.9440803484965], 0.008999999999999791, 73.7999999999995, [1527.494458053181], 0.009999999999999787, 73.49999999999952, [1526.0162950289239], 0.009999999999999787, 73.59999999999951, [1525.830394795191], 0.009999999999999787, 73.6999999999995, [1526.93150459483], 0.009999999999999787, 73.7999999999995, [1528.998783598733], 0.010999999999999783, 73.59999999999951, [1527.5860494593628], 0.010999999999999783, 73.6999999999995, [1527.4619888574746], 0.010999999999999783, 73.7999999999995, [1528.6213706006347], 0.010999999999999783, 73.8999999999995]
nb d'éléments CI_2σ = 56.0
CI_1σ = [[1525.0098258903718], 0.002999999999999812, 72.99999999999955, [1524.5870859792278], 0.003999999999999808, 72.99999999999955, [1523.989357276908], 0.003999999999999808, 73.09999999999954, [1524.7004063444524], 0.003999999999999808, 73.19999999999953, [1523.8727668087881], 0.004999999999999805, 73.09999999999954, [1523.3485962271095], 0.004999999999999805, 73.19999999999953, [1524.1295318724028], 0.004999999999999805, 73.29999999999953, [1525.2992363569824], 0.005999999999999801, 73.09999999999954, [1523.5398461260802], 0.005999999999999801, 73.19999999999953, [1523.0872484293643], 0.005999999999999801, 73.29999999999953, [1523.9361029963939], 0.005999999999999801, 73.39999999999952, [1525.2741560413674], 0.006999999999999797, 73.19999999999953, [1523.5880250026405], 0.006999999999999797, 73.29999999999953, [1523.2050279368955], 0.006999999999999797, 73.39999999999952, [1524.119846641991], 0.006999999999999797, 73.49999999999952, [1524.017012893713], 0.007999999999999794, 73.39999999999952, [1523.7016570960723], 0.007999999999999794, 73.49999999999952, [1524.6804979382473], 0.007999999999999794, 73.59999999999951, [1524.8265275664664], 0.008999999999999791, 73.49999999999952, [1524.5768664754246], 0.008999999999999791, 73.59999999999951]
nb d'éléments CI_1σ = 20.0
CI_1σ_gamma = [0.002999999999999812, 0.003999999999999808, 0.003999999999999808, 0.003999999999999808, 0.004999999999999805, 0.004999999999999805, 0.004999999999999805, 0.005999999999999801, 0.005999999999999801, 0.005999999999999801, 0.005999999999999801, 0.006999999999999797, 0.006999999999999797, 0.006999999999999797, 0.006999999999999797, 0.007999999999999794, 0.007999999999999794, 0.007999999999999794, 0.008999999999999791, 0.008999999999999791]
CI_1σ_H0= [72.99999999999955, 72.99999999999955, 73.09999999999954, 73.09999999999954, 73.09999999999954, 73.19999999999953, 73.19999999999953, 73.19999999999953, 73.19999999999953, 73.29999999999953, 73.29999999999953, 73.29999999999953, 73.39999999999952, 73.39999999999952, 73.39999999999952, 73.49999999999952, 73.49999999999952, 73.49999999999952, 73.59999999999951, 73.59999999999951]



*delta = 0.1 ; gamma*H0 E [-5;0]*[65;70] (pour alpha_brout = 0.192)

gamma=  -0.0220000000000001 ; H0=  69.89999999999972 ; min = 1715.8519869313704 🔴 Pourquoi pas de min en gamma = 0 et H0 = 67.6 (voir résultats alpha_fixé_H0 dans Modèle uniquement)

CI_2σ = [[1720.061595184714], -0.02400000000000009, 69.89999999999972, [1717.1852610498859], -0.023000000000000097, 69.89999999999972, [1715.8519869313704], -0.0220000000000001, 69.89999999999972, [1716.0617728291763], -0.021000000000000102, 69.89999999999972, [1717.8146187432965], -0.020000000000000108, 69.89999999999972, [1721.1105246737295], -0.01900000000000011, 69.89999999999972]
nb d'éléments CI_2σ = 6.0
CI_1σ = [[1717.1852610498859], -0.023000000000000097, 69.89999999999972, [1715.8519869313704], -0.0220000000000001, 69.89999999999972, [1716.0617728291763], -0.021000000000000102, 69.89999999999972, [1717.8146187432965], -0.020000000000000108, 69.89999999999972]
nb d'éléments CI_1σ = 4.0
CI_1σ_gamma = [-0.023000000000000097, -0.0220000000000001, -0.021000000000000102, -0.020000000000000108]
CI_1σ_H0= [69.89999999999972, 69.89999999999972, 69.89999999999972, 69.89999999999972]


*delta = 0.1 ; gamma*H0 E [-0.1;0.2]*[67.5;67.8] (pour alpha_brout = 0.192)

[[-0.1 -0.1 -0.1 -0.1]   ← gamma
 [ 0.   0.   0.   0. ]
 [ 0.1  0.1  0.1  0.1]
 [ 0.2  0.2  0.2  0.2]]
[[67.5 67.6 67.7 67.8]   ← H0
 [67.5 67.6 67.7 67.8]
 [67.5 67.6 67.7 67.8]
 [67.5 67.6 67.7 67.8]]
[[3405.6624813  3330.65848257 3257.29472234 3185.56410286]      ← Chi2 : pourquoi élément 2éme ligne ; 2ème colonne différent de 1528 ? (correspond au cas gamma = 0 , H0 = 67.6 de alpha_fixé_H0 dans Modèle uniquement)
 [3469.84525919 3393.50363914 3318.80423486 3245.73994277]
 [3535.57109709 3457.89185573 3381.8568074  3307.4588427 ]
 [3602.83999501 3523.82313233 3446.45243996 3370.72080264]]