alpha_brout_f_lcdm :

*delta = 0.1 ; gamma*H0 E [-1;1]*[66.5;68.5]

gamma=  -0.6000000000000001 ; H0=  67.09999999999997 ; min = 1523.0078536810377

CI_2σ = [[1528.028295834764], -1.0, 66.6, [1526.8068624802315], -1.0, 66.69999999999999, [1527.1581619106025], -1.0, 66.79999999999998, [1529.075140728432], -1.0, 66.89999999999998, [1528.829309664161], -0.9, 66.6, [1526.2521925854105], -0.9, 66.69999999999999, [1525.2498392791756], -0.9, 66.79999999999998, [1525.8151902717564], -0.9, 66.89999999999998, [1527.941224732042], -0.9, 66.99999999999997, [1527.2405827068987], -0.8, 66.69999999999999, [1524.884576664058], -0.8, 66.79999999999998, [1524.098299831389], -0.8, 66.89999999999998, [1524.8747253287534], -0.8, 66.99999999999997, [1527.2068646837763], -0.8, 67.09999999999997, [1526.0623740652616], -0.7000000000000001, 66.79999999999998, [1523.9244694073434], -0.7000000000000001, 66.89999999999998, [1523.3512859417854], -0.7000000000000001, 66.99999999999997, [1524.33582917425], -0.7000000000000001, 67.09999999999997, [1526.8711427851886], -0.7000000000000001, 67.19999999999996, [1528.7832314827785], -0.6000000000000001, 66.79999999999998, [1525.293698999611], -0.6000000000000001, 66.89999999999998, [1523.3709065711314], -0.6000000000000001, 66.99999999999997, [1523.0078536810377], 
-0.6000000000000001, 67.09999999999997, [1524.1975780147213], -0.6000000000000001, 67.19999999999996, [1526.9331552011615], -0.6000000000000001, 67.29999999999995, [1528.2059886081931], -0.5000000000000001, 66.89999999999998, [1524.9335872167917], -0.5000000000000001, 66.99999999999997, [1523.2229382041398], -0.5000000000000001, 67.09999999999997, [1523.0670732605674], -0.5000000000000001, 67.19999999999996, [1524.4590620467395], -0.5000000000000001, 67.29999999999995, [1527.3920119374995], -0.5000000000000001, 67.39999999999995, [1528.0393278787672], -0.40000000000000013, 66.99999999999997, [1524.9810827435567], -0.40000000000000013, 67.09999999999997, [1523.4796285227296], -0.40000000000000013, 67.19999999999996, [1523.528028908633], -0.40000000000000013, 67.29999999999995, [1525.1193853343796], -0.40000000000000013, 67.39999999999995, [1528.246836719619], -0.40000000000000013, 67.49999999999994, [1528.282287299292], -0.30000000000000016, 67.09999999999997, [1525.435243801209], -0.30000000000000016, 67.19999999999996, [1524.1400557868437], -0.30000000000000016, 67.29999999999995, [1524.3898187475768], -0.30000000000000016, 67.39999999999995, [1526.177665687753], -0.30000000000000016, 67.49999999999994, [1528.9339190959995], -0.20000000000000018, 67.19999999999996, [1526.2951426813647], -0.20000000000000018, 67.29999999999995, [1525.2033121770844], -0.20000000000000018, 67.39999999999995, [1525.6515546721985], -0.20000000000000018, 67.49999999999994, [1527.6330345426416], -0.20000000000000018, 67.59999999999994, [1527.5598656229138], -0.1000000000000002, 67.39999999999995, [1526.6685036729655], -0.1000000000000002, 67.49999999999994, [1527.3123622292637], -0.1000000000000002, 67.59999999999994, [1528.5347499321956], -2.220446049250313e-16, 67.59999999999994]
nb d'éléments CI_2σ = 51.0
CI_1σ = [[1525.2498392791756], -0.9, 66.79999999999998, [1524.884576664058], -0.8, 66.79999999999998, [1524.098299831389], -0.8, 66.89999999999998, [1524.8747253287534], -0.8, 66.99999999999997, [1523.9244694073434], -0.7000000000000001, 66.89999999999998, [1523.3512859417854], -0.7000000000000001, 66.99999999999997, [1524.33582917425], -0.7000000000000001, 67.09999999999997, [1525.293698999611], -0.6000000000000001, 66.89999999999998, [1523.3709065711314], -0.6000000000000001, 66.99999999999997, [1523.0078536810377], -0.6000000000000001, 67.09999999999997, [1524.1975780147213], -0.6000000000000001, 67.19999999999996, [1524.9335872167917], -0.5000000000000001, 66.99999999999997, [1523.2229382041398], -0.5000000000000001, 67.09999999999997, [1523.0670732605674], -0.5000000000000001, 67.19999999999996, [1524.4590620467395], -0.5000000000000001, 67.29999999999995, [1524.9810827435567], -0.40000000000000013, 67.09999999999997, [1523.4796285227296], -0.40000000000000013, 67.19999999999996, [1523.528028908633], -0.40000000000000013, 67.29999999999995, [1525.1193853343796], -0.40000000000000013, 67.39999999999995, [1524.1400557868437], -0.30000000000000016, 67.29999999999995, [1524.3898187475768], -0.30000000000000016, 67.39999999999995, [1525.2033121770844], -0.20000000000000018, 67.39999999999995]



*delta = 0.1 ; gamma*H0 E [-5;5]*[65;75]

gamma=  -0.6000000000000156 ; H0=  67.09999999999988 ; min = 1523.0078536810342

CI_2σ = [[1528.7703420216862], -1.1000000000000139, 66.59999999999991, [1528.9045923913732], -1.1000000000000139, 66.6999999999999, [1528.0282958347657], -1.0000000000000142, 66.59999999999991, [1526.8068624802336], -1.0000000000000142, 66.6999999999999, [1527.158161910602], -1.0000000000000142, 66.7999999999999, [1529.0751407284313], -1.0000000000000142, 66.89999999999989, [1528.8293096641626], -0.9000000000000146, 66.59999999999991, [1526.252192585412], 
-0.9000000000000146, 66.6999999999999, [1525.249839279174], -0.9000000000000146, 66.7999999999999, [1525.815190271755], -0.9000000000000146, 66.89999999999989, [1527.941224732037], -0.9000000000000146, 66.99999999999989, [1527.2405827069024], -0.8000000000000149, 66.6999999999999, [1524.8845766640593], -0.8000000000000149, 66.7999999999999, [1524.0982998313905], -0.8000000000000149, 66.89999999999989, [1524.8747253287515], -0.8000000000000149, 66.99999999999989, [1527.2068646837738], -0.8000000000000149, 67.09999999999988, [1526.0623740652627], -0.7000000000000153, 66.7999999999999, [1523.9244694073445], -0.7000000000000153, 66.89999999999989, [1523.3512859417826], -0.7000000000000153, 66.99999999999989, [1524.3358291742475], -0.7000000000000153, 67.09999999999988, [1526.8711427851852], -0.7000000000000153, 67.19999999999987, [1528.7832314827795], -0.6000000000000156, 66.7999999999999, [1525.293698999612], 
-0.6000000000000156, 66.89999999999989, [1523.3709065711287], -0.6000000000000156, 66.99999999999989, [1523.0078536810342], -0.6000000000000156, 67.09999999999988, [1524.1975780147172], -0.6000000000000156, 67.19999999999987, [1526.9331552011558], -0.6000000000000156, 67.29999999999987, [1528.2059886081952], -0.500000000000016, 66.89999999999989, [1524.93358721679], -0.500000000000016, 66.99999999999989, [1523.222938204137], -0.500000000000016, 67.09999999999988, [1523.0670732605647], -0.500000000000016, 67.19999999999987, [1524.4590620467347], -0.500000000000016, 67.29999999999987, [1527.3920119374961], -0.500000000000016, 67.39999999999986, [1528.0393278787685], -0.40000000000001634, 66.99999999999989, [1524.9810827435572], -0.40000000000001634, 67.09999999999988, [1523.4796285227296], -0.40000000000001634, 67.19999999999987, [1523.528028908631], -0.40000000000001634, 67.29999999999987, [1525.1193853343786], -0.40000000000001634, 67.39999999999986, [1528.2468367196136], -0.40000000000001634, 67.49999999999986, [1528.2822872992936], -0.3000000000000167, 67.09999999999988, [1525.4352438012102], -0.3000000000000167, 67.19999999999987, [1524.1400557868433], -0.3000000000000167, 67.29999999999987, [1524.3898187475775], -0.3000000000000167, 67.39999999999986, [1526.1776656877494], -0.3000000000000167, 67.49999999999986, [1528.9339190960002], -0.20000000000001705, 67.19999999999987, [1526.2951426813645], -0.20000000000001705, 67.29999999999987, [1525.2033121770849], -0.20000000000001705, 67.39999999999986, [1525.6515546721944], -0.20000000000001705, 67.49999999999986, [1527.6330345426384], -0.20000000000001705, 67.59999999999985, [1527.5598656229142], -0.10000000000001741, 67.39999999999986, [1526.6685036729612], -0.10000000000001741, 67.49999999999986, [1527.3123622292599], -0.10000000000001741, 67.59999999999985, [1528.534749932195], -1.7763568394002505e-14, 67.59999999999985]
nb d'éléments CI_2σ = 53.0
CI_1σ = [[1525.249839279174], -0.9000000000000146, 66.7999999999999, [1524.8845766640593], -0.8000000000000149, 66.7999999999999, [1524.0982998313905], -0.8000000000000149, 66.89999999999989, [1524.8747253287515], -0.8000000000000149, 66.99999999999989, [1523.9244694073445], -0.7000000000000153, 66.89999999999989, [1523.3512859417826], -0.7000000000000153, 66.99999999999989, [1524.3358291742475], -0.7000000000000153, 67.09999999999988, [1525.293698999612], -0.6000000000000156, 66.89999999999989, [1523.3709065711287], -0.6000000000000156, 66.99999999999989, [1523.0078536810342], -0.6000000000000156, 67.09999999999988, [1524.1975780147172], -0.6000000000000156, 67.19999999999987, [1524.93358721679], -0.500000000000016, 66.99999999999989, [1523.222938204137], -0.500000000000016, 67.09999999999988, [1523.0670732605647], -0.500000000000016, 67.19999999999987, [1524.4590620467347], -0.500000000000016, 67.29999999999987, [1524.9810827435572], -0.40000000000001634, 67.09999999999988, [1523.4796285227296], -0.40000000000001634, 67.19999999999987, [1523.528028908631], -0.40000000000001634, 67.29999999999987, [1525.1193853343786], -0.40000000000001634, 67.39999999999986, [1524.1400557868433], -0.3000000000000167, 67.29999999999987, [1524.3898187475775], -0.3000000000000167, 67.39999999999986, [1525.2033121770849], -0.20000000000001705, 67.39999999999986]
nb d'éléments CI_1σ = 22.0
CI_1σ_gamma = [-0.9000000000000146, -0.8000000000000149, -0.8000000000000149, -0.8000000000000149, -0.7000000000000153, -0.7000000000000153, -0.7000000000000153, -0.6000000000000156, -0.6000000000000156, -0.6000000000000156, -0.6000000000000156, -0.500000000000016, -0.500000000000016, -0.500000000000016, -0.500000000000016, -0.40000000000001634, -0.40000000000001634, -0.40000000000001634, -0.40000000000001634, -0.3000000000000167, -0.3000000000000167, -0.20000000000001705]
CI_1σ_H0= [66.7999999999999, 66.7999999999999, 66.89999999999989, 66.89999999999989, 66.89999999999989, 66.99999999999989, 66.99999999999989, 66.99999999999989, 66.99999999999989, 67.09999999999988, 67.09999999999988, 67.09999999999988, 67.09999999999988, 67.19999999999987, 67.19999999999987, 67.19999999999987, 67.29999999999987, 67.29999999999987, 67.29999999999987, 67.39999999999986, 67.39999999999986, 67.39999999999986]


*delta = 0.005 ; gamma*H0 E [-0.7;-0.5]*[67;67.2]

gamma=  -0.5449999999999998 (-0.545) ; H0=  67.11999999999989 (donc 67.120) ; min = 1522.9010382887518


----------------------------------------------------------------------------------------------------------------------------------------------------------------------------------------------------------------------------------------------

alpha_riess :

*delta = 1 ; gamma*H0 E [-5;5]*[65;75]

gamma=  -1.0 ; H0=  67.0 ; min = 1527.4125101422255

CI_2σ = [[1527.4125101422255], -1.0, 67.0, [1528.5151541219864], 0.0, 68.0]
nb d'éléments CI_2σ = 2.0
CI_1σ = [[1527.4125101422255], -1.0, 67.0, [1528.5151541219864], 0.0, 68.0]
nb d'éléments CI_1σ = 2.0
CI_1σ_gamma = [-1.0, 0.0]
CI_1σ_H0= [67.0, 68.0]


*delta = 0.1 ; gamma*H0 E [-5;5]*[65;75]

gamma=  -0.500000000000016 ; H0=  67.49999999999986 ; min = 1522.9443926418528

CI_2σ = [[1528.9049184571866], -1.1000000000000139, 66.89999999999989, [1528.0282785369227], -1.1000000000000139, 66.99999999999989, [1528.7098178971894], -1.1000000000000139, 67.09999999999988, 
[1529.096638537448], -1.0000000000000142, 66.89999999999989, [1526.9433657117122], -1.0000000000000142, 66.99999999999989, [1526.350176168564], -1.0000000000000142, 67.09999999999988, [1527.3101065695705], -1.0000000000000142, 67.19999999999987, [1527.2386524001977], -0.9000000000000146, 66.99999999999989, [1525.3707339536343], -0.9000000000000146, 67.09999999999988, [1525.0578337823877], -0.9000000000000146, 67.19999999999987, [1526.2930208506036], -0.9000000000000146, 67.29999999999987, [1529.0694018397078], -0.9000000000000146, 67.39999999999986, [1528.9141386023857], -0.8000000000000149, 66.99999999999989, [1525.7714912524075], -0.8000000000000149, 67.09999999999988, [1524.1857605089074], -0.8000000000000149, 67.19999999999987, [1524.1500096904338], -0.8000000000000149, 67.29999999999987, [1525.6573398579624], -0.8000000000000149, 67.39999999999986, [1528.7008895606477], -0.8000000000000149, 67.49999999999986, [1527.5524480648755], -0.7000000000000153, 67.09999999999988, [1524.6938867491222], -0.7000000000000153, 67.19999999999987, [1523.387198043959], -0.7000000000000153, 67.29999999999987, [1523.6254773899113], -0.7000000000000153, 67.39999999999986, [1525.4018577406832], -0.7000000000000153, 67.49999999999986, [1528.7095093108449], -0.7000000000000153, 67.59999999999985, [1526.5822125030377], -0.6000000000000156, 67.19999999999987, [1524.0045859111851], -0.6000000000000156, 67.29999999999987, [1522.9738144355617], -0.6000000000000156, 67.39999999999986, [1523.483025434418], -0.6000000000000156, 67.49999999999986, [1525.525383551726], -0.6000000000000156, 67.59999999999985, [1529.0940904667184], -0.6000000000000156, 67.69999999999985, [1526.0021732921102], -0.500000000000016, 67.29999999999987, [1523.7023509949101], -0.500000000000016, 67.39999999999986, [1522.9443926418528], -0.500000000000016, 67.49999999999986, [1523.7214573063065], -0.500000000000016, 67.59999999999985, [1526.026741121606], -0.500000000000016, 67.69999999999985, [1525.811087067959], -0.40000000000001634, 67.39999999999986, [1523.7859593629878], -0.40000000000001634, 67.49999999999986, [1523.2977305745871], -0.40000000000001634, 67.59999999999985, [1524.3395912901938], -0.40000000000001634, 67.69999999999985, [1526.9047689332247], -0.40000000000001634, 67.79999999999984, [1526.0077255978188], -0.3000000000000167, 67.49999999999986, [1524.2542033565642], -0.3000000000000167, 67.59999999999985, [1524.032640972479], -0.3000000000000167, 67.69999999999985, [1525.3362603476382], -0.3000000000000167, 67.79999999999984, [1528.1583199978372], -0.3000000000000167, 67.89999999999984, [1526.5908756522392], -0.20000000000001705, 67.59999999999985, [1525.105890168461], -0.20000000000001705, 67.69999999999985, [1525.1479512757494], -0.20000000000001705, 67.79999999999984, [1526.7103119929704], -0.20000000000001705, 67.89999999999984, [1527.559338878147], -0.10000000000001741, 67.69999999999985, [1526.3398417175636], -0.10000000000001741, 67.79999999999984, [1526.6425035018067], -0.10000000000001741, 67.89999999999984, [1528.4606081701945], -0.10000000000001741, 67.99999999999983, [1528.9119316730757], 
-1.7763568394002505e-14, 67.79999999999984, [1527.9548945243407], -1.7763568394002505e-14, 67.89999999999984, [1528.5151541219834], -1.7763568394002505e-14, 67.99999999999983]
nb d'éléments CI_2σ = 56.0
CI_1σ = [[1525.0578337823877], -0.9000000000000146, 67.19999999999987, [1524.1857605089074], -0.8000000000000149, 67.19999999999987, [1524.1500096904338], -0.8000000000000149, 67.29999999999987, 
[1524.6938867491222], -0.7000000000000153, 67.19999999999987, [1523.387198043959], -0.7000000000000153, 67.29999999999987, [1523.6254773899113], -0.7000000000000153, 67.39999999999986, [1524.0045859111851], -0.6000000000000156, 67.29999999999987, [1522.9738144355617], -0.6000000000000156, 67.39999999999986, [1523.483025434418], -0.6000000000000156, 67.49999999999986, [1523.7023509949101], -0.500000000000016, 67.39999999999986, [1522.9443926418528], -0.500000000000016, 67.49999999999986, [1523.7214573063065], -0.500000000000016, 67.59999999999985, [1523.7859593629878], -0.40000000000001634, 67.49999999999986, [1523.2977305745871], -0.40000000000001634, 67.59999999999985, [1524.3395912901938], -0.40000000000001634, 67.69999999999985, [1524.2542033565642], -0.3000000000000167, 67.59999999999985, [1524.032640972479], -0.3000000000000167, 67.69999999999985, [1525.105890168461], -0.20000000000001705, 67.69999999999985, [1525.1479512757494], -0.20000000000001705, 67.79999999999984]
nb d'éléments CI_1σ = 19.0
CI_1σ_gamma = [-0.9000000000000146, -0.8000000000000149, -0.8000000000000149, -0.7000000000000153, -0.7000000000000153, -0.7000000000000153, -0.6000000000000156, -0.6000000000000156, -0.6000000000000156, -0.500000000000016, -0.500000000000016, -0.500000000000016, -0.40000000000001634, -0.40000000000001634, -0.40000000000001634, -0.3000000000000167, -0.3000000000000167, -0.20000000000001705, -0.20000000000001705]
CI_1σ_H0= [67.19999999999987, 67.19999999999987, 67.19999999999987, 67.29999999999987, 67.29999999999987, 67.29999999999987, 67.39999999999986, 67.39999999999986, 67.39999999999986, 67.49999999999986, 67.49999999999986, 67.49999999999986, 67.59999999999985, 67.59999999999985, 67.59999999999985, 67.69999999999985, 67.69999999999985, 67.69999999999985, 67.79999999999984]



*delta = 0.01 ; gamma*H0 E [-0.9;-0.2]*[67.;67.7]

gamma=  -0.5499999999999997 (donc -0.55) ; H0=  67.46000000000024 (donc 67.46) ; min = 1522.906461258244
gamma-1σ = -0.9 ; gamma+1σ = -0.1999999999999994
H0-1σ = 67.12000000000006 ; H0+1σ = 67.70000000000036








