* omegaM*H0 E [0.30;0.35]*[70;75]

time of computation of Chi2 =  478.4503655433655 ; Avec un deuxième essai ça à mis 655 s ! → pas d'accélaration claire avec mat cov entière

[[3000.00164891 2934.02882633 2869.58653099 ... 1455.12949432
  1455.93572455 1457.99920266]
 [2970.55781915 2905.21711006 2841.40602713 ... 1455.05302773
  1456.45083511 1459.10510108]
 [2941.4361876  2876.72676252 2813.54606369 ... 1455.26022207
  1457.2488303  1460.49310886]
 ...
 [1929.64420158 1893.11509352 1858.07454019 ... 1752.69768269
  1781.05945279 1810.64170553]
 [1914.35575015 1878.42137169 1843.97470014 ... 1765.03977541
  1793.95813611 1824.09623684]
 [1899.33592001 1863.99554163 1830.14202342 ... 1777.61659753
  1807.09086612 1837.78413304]]

Om=  34.90000000000007 ; H0=  72.59999999999985 ; min = 1447.715359252952 ← résultats bien différents de mot cov entière ...


Cl_95 = [[1453.8736088960172], 34.500000000000064, 70.49999999999997, [1453.8397083484308], 34.600000000000065, 70.49999999999997, [1453.4361657216325], 34.500000000000064, 70.59999999999997, [1453.4055562065791], 34.40000000000006, 70.69999999999996, [1453.2790140607842], 34.500000000000064, 70.69999999999996, [1453.7518205952847], 34.30000000000006, 70.79999999999995, [1452.9382354161878], 34.40000000000006, 70.79999999999995, [1453.4010306867767], 34.500000000000064, 70.79999999999995, [1452.9739526360006], 34.30000000000006, 70.89999999999995, [1452.7497309917048], 34.40000000000006, 70.89999999999995, [1453.8010981735727], 34.500000000000064, 70.89999999999995, [1453.3901273103083], 34.20000000000006, 70.99999999999994, [1452.474551709765], 34.30000000000006, 70.99999999999994, [1452.8389291683095], 34.40000000000006, 70.99999999999994, [1452.5794548260276], 34.20000000000006, 71.09999999999994, [1452.2525076894913], 34.30000000000006, 71.09999999999994, [1453.2047219124568], 34.40000000000006, 71.09999999999994, [1453.0684227969796], 34.10000000000006, 71.19999999999993, [1452.0457961001773], 34.20000000000006, 71.19999999999993, [1452.3067161496856], 34.30000000000006, 71.19999999999993, [1453.8460068830223], 34.40000000000006, 71.19999999999993, [1452.2227772184458], 34.10000000000006, 71.29999999999993, [1451.7880502922371], 34.20000000000006, 71.29999999999993, [1452.6360783279001], 34.30000000000006, 71.29999999999993, [1452.7874544375843], 34.00000000000006, 71.39999999999992, [1451.6527075031581], 34.10000000000006, 71.39999999999992, [1451.8051221955825], 34.20000000000006, 71.39999999999992, [1453.2395010865082], 34.30000000000006, 71.39999999999992, [1453.7438518473948], 33.900000000000055, 71.49999999999991, [1451.9046915045649], 34.00000000000006, 71.49999999999991, [1451.357121977655], 34.10000000000006, 71.49999999999991, [1452.0959221995279], 34.20000000000006, 71.49999999999991, [1452.5480266990382], 33.900000000000055, 71.59999999999991, [1451.2960817087928], 34.00000000000006, 71.59999999999991, [1451.3349345357694], 34.10000000000006, 71.59999999999991, [1452.6593662517478], 34.20000000000006, 71.59999999999991, [1453.5867582920878], 33.800000000000054, 71.6999999999999, [1451.6260260882464], 33.900000000000055, 71.6999999999999, [1450.9605424263777], 34.00000000000006, 71.6999999999999, [1451.585064601305], 34.10000000000006, 71.6999999999999, [1453.494375820966], 34.20000000000006, 71.6999999999999, [1452.3510006024233], 
33.800000000000054, 71.7999999999999, [1450.976770851349], 33.900000000000055, 71.7999999999999, [1450.8969965352414], 34.00000000000006, 71.7999999999999, [1452.1064370910105], 
34.10000000000006, 71.7999999999999, [1453.4750716485107], 33.70000000000005, 71.89999999999989, [1451.387665562198], 33.800000000000054, 71.89999999999989, [1450.5991872985417], 33.900000000000055, 71.89999999999989, [1451.1043723783478], 34.00000000000006, 71.89999999999989, [1452.8979823778773], 34.10000000000006, 71.89999999999989, [1452.1972932056951], 33.70000000000005, 71.99999999999989, [1450.6956828922357], 33.800000000000054, 71.99999999999989, [1450.492207177395], 33.900000000000055, 71.99999999999989, [1451.5816037272846], 34.00000000000006, 71.99999999999989, [1453.4097414487167], 33.60000000000005, 72.09999999999988, [1451.190550197232], 33.70000000000005, 72.09999999999988, [1450.2739877232866], 33.800000000000054, 72.09999999999988, [1450.6547676366934], 33.900000000000055, 72.09999999999988, [1452.3276297461216], 34.00000000000006, 72.09999999999988, [1452.0878770992404], 33.60000000000005, 72.19999999999987, [1450.4537811157747], 33.70000000000005, 72.19999999999987, [1450.1215205600818], 33.800000000000054, 72.19999999999987, [1451.0858111905318], 33.900000000000055, 72.19999999999987, [1453.3413949556134], 34.00000000000006, 72.19999999999987, [1453.3917726147968], 33.50000000000005, 72.29999999999987, [1451.0356754442842], 33.60000000000005, 72.29999999999987, [1449.9859298009671], 33.70000000000005, 72.29999999999987, [1450.2372272457433], 33.800000000000054, 72.29999999999987, [1451.7842856827754], 33.900000000000055, 72.29999999999987, [1452.0237799140143], 33.50000000000005, 72.39999999999986, [1450.2520836375343], 33.60000000000005, 72.39999999999986, [1449.7859454041115], 33.70000000000005, 72.39999999999986, [1450.6200589264429], 33.800000000000054, 72.39999999999986, [1452.7491442517958], 33.900000000000055, 72.39999999999986, [1453.422224973161], 33.40000000000005, 72.49999999999986, [1450.9240914488273], 33.50000000000005, 72.49999999999986, [1449.7360541177898], 33.60000000000005, 72.49999999999986, [1449.8527823530526], 33.70000000000005, 72.49999999999986, [1451.2689720164203], 33.800000000000054, 72.49999999999986, [1452.006083842054], 33.40000000000005, 72.59999999999985, [1450.091662925023], 33.50000000000005, 72.59999999999985, [1449.4865445741132], 33.60000000000005, 72.59999999999985, [1450.1854003174642], 33.70000000000005, 72.59999999999985, [1452.1829281632379], 33.800000000000054, 72.59999999999985, [1453.5022127810175], 33.30000000000005, 72.69999999999985, [1450.8569025775425], 33.40000000000005, 72.69999999999985, [1449.5254552725955], 33.50000000000005, 72.69999999999985, [1449.5025179113406], 33.60000000000005, 72.69999999999985, [1450.782764174327], 33.70000000000005, 72.69999999999985, [1453.3608942133756], 33.800000000000054, 72.69999999999985, [1452.0359251690538], 33.30000000000005, 72.79999999999984, [1449.9736453303926], 33.40000000000005, 72.79999999999984, [1449.22443461143], 33.50000000000005, 72.79999999999984, [1449.782942215819], 33.60000000000005, 72.79999999999984, [1451.6438439737817], 33.70000000000005, 72.79999999999984, [1453.6329042648626], 33.200000000000045, 72.89999999999984, [1450.8352669569183], 33.30000000000005, 72.89999999999984, [1449.355281415624], 33.40000000000005, 72.89999999999984, [1449.1875722173402], 33.50000000000005, 72.89999999999984, [1450.3267907214686], 33.60000000000005, 72.89999999999984, [1452.7676149052015], 33.70000000000005, 72.89999999999984, [1452.1144938187929], 33.200000000000045, 72.99999999999983, [1449.8992106349824], 33.30000000000005, 72.99999999999983, [1449.0007852787558], 33.40000000000005, 72.99999999999983, [1449.413844488329], 33.50000000000005, 72.99999999999983, [1451.1330417761253], 33.60000000000005, 72.99999999999983, [1453.8155211706905], 33.100000000000044, 73.09999999999982, [1450.8603960235466], 33.200000000000045, 73.09999999999982, [1449.2267337989092], 33.30000000000005, 73.09999999999982, [1448.909136462334], 33.40000000000005, 73.09999999999982, [1449.9022329111665], 33.50000000000005, 73.09999999999982, [1452.2006788081505], 33.60000000000005, 73.09999999999982, [1452.2430329092053], 33.100000000000044, 73.19999999999982, [1449.8695916054796], 33.200000000000045, 73.19999999999982, [1448.8168191163816], 33.30000000000005, 73.19999999999982, [1449.0793195727176], 33.40000000000005, 73.19999999999982, [1450.6517240282483], 33.50000000000005, 73.19999999999982, [1453.52869029334], 33.60000000000005, 73.19999999999982, [1450.933554085962], 33.100000000000044, 73.29999999999981, [1449.1410663381862], 33.200000000000045, 73.29999999999981, [1448.6684542941346], 33.30000000000005, 73.29999999999981, [1449.5103242471564], 33.40000000000005, 73.29999999999981, [1451.6613094047104], 33.50000000000005, 73.29999999999981, [1452.422838319772], 33.00000000000004, 73.3999999999998, [1449.8860735613837], 33.100000000000044, 73.3999999999998, [1448.6738110097456], 33.200000000000045, 73.3999999999998, [1448.78063204527], 33.30000000000005, 73.3999999999998, [1450.2011451211488], 33.40000000000005, 73.3999999999998, [1452.9299855958425], 33.50000000000005, 73.3999999999998, [1451.0560578976645], 33.00000000000004, 73.4999999999998, [1449.099585185979], 33.100000000000044, 73.4999999999998, [1448.4668213902369], 33.200000000000045, 73.4999999999998, [1449.152350056831], 33.30000000000005, 73.4999999999998, [1451.1507817960703], 33.40000000000005, 73.4999999999998, [1452.655258270131], 32.90000000000004, 73.5999999999998, [1449.9499939536272], 33.00000000000004, 73.5999999999998, [1448.573087768105], 33.100000000000044, 73.5999999999998, [1448.5190981995454], 33.200000000000045, 73.5999999999998, [1449.7826109576183], 33.30000000000005, 73.5999999999998, [1452.3582388070515], 33.40000000000005, 73.5999999999998, [1451.2292762412226], 32.90000000000004, 73.69999999999979, [1449.103648315721], 33.00000000000004, 73.69999999999979, [1448.3055850419785], 33.100000000000044, 73.69999999999979, [1448.8296470754342], 33.200000000000045, 73.69999999999979, [1450.6704222863252], 33.30000000000005, 73.69999999999979, [1453.8225255911304], 33.40000000000005, 73.69999999999979, [1452.9416929095885], 32.80000000000004, 73.79999999999978, [1450.0627419541238], 32.90000000000004, 73.79999999999978, [1448.5160277140953], 33.00000000000004, 73.79999999999978, [1448.296085635936], 33.100000000000044, 73.79999999999978, [1449.3974785418354], 33.200000000000045, 73.79999999999978, [1451.8147964599127], 33.30000000000005, 73.79999999999978, [1451.4546295231962], 32.80000000000004, 73.89999999999978, [1449.1546651166805], 32.90000000000004, 73.89999999999978, [1448.1861437494815], 33.00000000000004, 73.89999999999978, [1448.5436030409992], 33.100000000000044, 73.89999999999978, [1450.221607977476], 33.200000000000045, 73.89999999999978, [1453.2147507422305], 33.30000000000005, 73.89999999999978, [1453.2835939173954], 32.70000000000004, 73.99999999999977, [1450.2257580560042], 32.80000000000004, 73.99999999999977, [1448.5040602839433], 32.90000000000004, 73.99999999999977, [1448.113012861934], 33.00000000000004, 73.99999999999977, [1449.047155579651], 33.100000000000044, 73.99999999999977, [1451.301055584691], 33.200000000000045, 73.99999999999977, [1451.7335893796555], 32.70000000000004, 74.09999999999977, [1449.254095999471], 32.80000000000004, 74.09999999999977, [1448.1099468271218], 32.90000000000004, 74.09999999999977, [1448.295656299853], 33.00000000000004, 74.09999999999977, [1449.805766374898], 33.100000000000044, 74.09999999999977, [1452.6348463585518], 33.200000000000045, 74.09999999999977, [1453.6824641135001], 32.60000000000004, 74.19999999999976, [1450.4405336843674], 32.70000000000004, 74.19999999999976, [1448.5386656382025], 32.80000000000004, 74.19999999999976, [1447.9713489028024], 32.90000000000004, 74.19999999999976, [1448.7331000892273], 33.00000000000004, 74.19999999999976, [1450.8184633195838], 33.100000000000044, 74.19999999999976, [1452.0676782921355], 32.60000000000004, 74.29999999999976, [1449.403452011937], 32.70000000000004, 74.29999999999976, [1448.0784940193992], 32.80000000000004, 74.29999999999976, [1448.087295422418], 32.90000000000004, 74.29999999999976, [1449.424375003152], 33.00000000000004, 74.29999999999976, [1452.084279045942], 33.100000000000044, 74.29999999999976, [1450.708610817303], 32.60000000000004, 74.39999999999975, [1448.6213742827258], 32.70000000000004, 74.39999999999975, [1447.872612922519], 32.80000000000004, 74.39999999999975, [1448.4568200219474], 32.90000000000004, 74.39999999999975, [1450.3685165316178], 33.00000000000004, 74.39999999999975, [1453.6022508953852], 33.100000000000044, 74.39999999999975, [1452.4584692137776], 32.500000000000036, 74.49999999999974, [1449.6042944652295], 32.60000000000004, 74.49999999999974, [1448.0933351269548], 32.70000000000004, 74.49999999999974, [1447.9200588291858], 32.80000000000004, 74.49999999999974, [1449.0789610319036], 32.90000000000004, 74.49999999999974, [1451.564564851465], 33.00000000000004, 74.49999999999974, [1451.0315816170503], 32.500000000000036, 74.59999999999974, [1448.7537666997468], 32.60000000000004, 74.59999999999974, [1447.8183738547714], 32.70000000000004, 74.59999999999974, [1448.2198728933652], 32.80000000000004, 74.59999999999974, [1449.9527614475153], 32.90000000000004, 74.59999999999974, [1453.0115647966707], 33.00000000000004, 74.59999999999974, [1452.9075852055234], 32.400000000000034, 74.69999999999973, [1449.8582345699322], 32.500000000000036, 74.69999999999973, [1448.1560696425627], 32.60000000000004, 74.69999999999973, [1447.7955344266502], 32.70000000000004, 74.69999999999973, [1448.771100911745], 32.80000000000004, 74.69999999999973, [1451.077268899188], 32.90000000000004, 74.69999999999973, [1451.4110880710991], 32.400000000000034, 74.79999999999973, [1448.9374729888361], 32.500000000000036, 74.79999999999973, [1447.8102500438306], 32.60000000000004, 74.79999999999973, [1448.0238654239583], 32.70000000000004, 74.79999999999973, [1449.5727932944073], 32.80000000000004, 
74.79999999999973, [1452.4515356231868], 32.90000000000004, 74.79999999999973, [1453.4166990821618], 32.30000000000003, 74.89999999999972, [1450.166933081911], 32.400000000000034, 74.89999999999972, [1448.2683463969304], 32.500000000000036, 74.89999999999972, [1447.715359252952], 32.60000000000004, 74.89999999999972, [1448.5024200198218], 32.70000000000004, 74.89999999999972, [1450.6240050356807], 32.80000000000004, 74.89999999999972, [1451.8488216429519], 32.30000000000003, 74.99999999999972, [1449.1741725175773], 32.400000000000034, 74.99999999999972, [1447.8499088951075], 32.500000000000036, 74.99999999999972, [1447.8704531896028], 32.60000000000004, 74.99999999999972, [1449.2302559501752], 32.70000000000004, 74.99999999999972, [1451.9237956852728], 32.80000000000004, 74.99999999999972]
nb d'éléments CI_2σ = 224.0
CI_1σ = [[1449.9859298009671], 33.70000000000005, 72.29999999999987, [1449.7859454041115], 33.70000000000005, 72.39999999999986, [1449.7360541177898], 33.60000000000005, 72.49999999999986, [1449.8527823530526], 33.70000000000005, 72.49999999999986, [1449.4865445741132], 33.60000000000005, 72.59999999999985, [1449.5254552725955], 33.50000000000005, 72.69999999999985, [1449.5025179113406], 33.60000000000005, 72.69999999999985, [1449.9736453303926], 33.40000000000005, 72.79999999999984, [1449.22443461143], 33.50000000000005, 72.79999999999984, [1449.782942215819], 33.60000000000005, 72.79999999999984, [1449.355281415624], 33.40000000000005, 72.89999999999984, [1449.1875722173402], 33.50000000000005, 72.89999999999984, [1449.8992106349824], 33.30000000000005, 72.99999999999983, [1449.0007852787558], 33.40000000000005, 72.99999999999983, [1449.413844488329], 33.50000000000005, 72.99999999999983, [1449.2267337989092], 33.30000000000005, 73.09999999999982, [1448.909136462334], 33.40000000000005, 73.09999999999982, [1449.9022329111665], 33.50000000000005, 73.09999999999982, [1449.8695916054796], 33.200000000000045, 73.19999999999982, [1448.8168191163816], 33.30000000000005, 73.19999999999982, [1449.0793195727176], 33.40000000000005, 73.19999999999982, [1449.1410663381862], 33.200000000000045, 73.29999999999981, [1448.6684542941346], 33.30000000000005, 73.29999999999981, [1449.5103242471564], 33.40000000000005, 73.29999999999981, [1449.8860735613837], 33.100000000000044, 73.3999999999998, [1448.6738110097456], 33.200000000000045, 73.3999999999998, [1448.78063204527], 33.30000000000005, 73.3999999999998, [1449.099585185979], 33.100000000000044, 73.4999999999998, [1448.4668213902369], 33.200000000000045, 73.4999999999998, [1449.152350056831], 33.30000000000005, 73.4999999999998, [1449.9499939536272], 33.00000000000004, 73.5999999999998, [1448.573087768105], 33.100000000000044, 73.5999999999998, [1448.5190981995454], 33.200000000000045, 73.5999999999998, [1449.7826109576183], 33.30000000000005, 73.5999999999998, [1449.103648315721], 33.00000000000004, 73.69999999999979, [1448.3055850419785], 33.100000000000044, 73.69999999999979, [1448.8296470754342], 33.200000000000045, 73.69999999999979, [1448.5160277140953], 33.00000000000004, 73.79999999999978, [1448.296085635936], 33.100000000000044, 73.79999999999978, [1449.3974785418354], 33.200000000000045, 73.79999999999978, [1449.1546651166805], 32.90000000000004, 73.89999999999978, [1448.1861437494815], 33.00000000000004, 73.89999999999978, [1448.5436030409992], 33.100000000000044, 73.89999999999978, [1448.5040602839433], 32.90000000000004, 73.99999999999977, [1448.113012861934], 33.00000000000004, 73.99999999999977, [1449.047155579651], 33.100000000000044, 73.99999999999977, [1449.254095999471], 32.80000000000004, 74.09999999999977, [1448.1099468271218], 32.90000000000004, 74.09999999999977, [1448.295656299853], 33.00000000000004, 74.09999999999977, [1449.805766374898], 33.100000000000044, 74.09999999999977, [1448.5386656382025], 32.80000000000004, 74.19999999999976, [1447.9713489028024], 32.90000000000004, 74.19999999999976, [1448.7331000892273], 33.00000000000004, 74.19999999999976, [1449.403452011937], 32.70000000000004, 74.29999999999976, [1448.0784940193992], 32.80000000000004, 74.29999999999976, [1448.087295422418], 32.90000000000004, 74.29999999999976, [1449.424375003152], 33.00000000000004, 74.29999999999976, [1448.6213742827258], 32.70000000000004, 74.39999999999975, [1447.872612922519], 32.80000000000004, 74.39999999999975, [1448.4568200219474], 32.90000000000004, 74.39999999999975, [1449.6042944652295], 32.60000000000004, 74.49999999999974, [1448.0933351269548], 32.70000000000004, 74.49999999999974, [1447.9200588291858], 32.80000000000004, 74.49999999999974, [1449.0789610319036], 32.90000000000004, 74.49999999999974, [1448.7537666997468], 32.60000000000004, 74.59999999999974, [1447.8183738547714], 32.70000000000004, 74.59999999999974, [1448.2198728933652], 32.80000000000004, 74.59999999999974, [1449.9527614475153], 32.90000000000004, 74.59999999999974, [1449.8582345699322], 
32.500000000000036, 74.69999999999973, [1448.1560696425627], 32.60000000000004, 74.69999999999973, [1447.7955344266502], 32.70000000000004, 74.69999999999973, [1448.771100911745], 32.80000000000004, 74.69999999999973, [1448.9374729888361], 32.500000000000036, 74.79999999999973, [1447.8102500438306], 32.60000000000004, 74.79999999999973, [1448.0238654239583], 32.70000000000004, 74.79999999999973, [1449.5727932944073], 32.80000000000004, 74.79999999999973, [1448.2683463969304], 32.500000000000036, 74.89999999999972, [1447.715359252952], 32.60000000000004, 74.89999999999972, [1448.5024200198218], 32.70000000000004, 74.89999999999972, [1449.1741725175773], 32.400000000000034, 74.99999999999972, [1447.8499088951075], 32.500000000000036, 74.99999999999972, [1447.8704531896028], 32.60000000000004, 74.99999999999972, [1449.2302559501752], 32.70000000000004, 74.99999999999972]
nb d'éléments CI_1σ = 83.0
CI_1σ_Omegam = [32.400000000000034, 32.500000000000036, 32.500000000000036, 32.500000000000036, 32.500000000000036, 32.60000000000004, 32.60000000000004, 32.60000000000004, 32.60000000000004, 32.60000000000004, 32.60000000000004, 32.70000000000004, 32.70000000000004, 32.70000000000004, 32.70000000000004, 32.70000000000004, 32.70000000000004, 32.70000000000004, 32.70000000000004, 32.80000000000004, 32.80000000000004, 32.80000000000004, 32.80000000000004, 32.80000000000004, 32.80000000000004, 32.80000000000004, 32.80000000000004, 
32.90000000000004, 32.90000000000004, 32.90000000000004, 32.90000000000004, 32.90000000000004, 32.90000000000004, 32.90000000000004, 32.90000000000004, 33.00000000000004, 33.00000000000004, 33.00000000000004, 33.00000000000004, 33.00000000000004, 33.00000000000004, 33.00000000000004, 33.00000000000004, 33.100000000000044, 33.100000000000044, 33.100000000000044, 33.100000000000044, 33.100000000000044, 33.100000000000044, 33.100000000000044, 33.100000000000044, 33.200000000000045, 33.200000000000045, 33.200000000000045, 33.200000000000045, 33.200000000000045, 33.200000000000045, 33.200000000000045, 33.30000000000005, 33.30000000000005, 33.30000000000005, 33.30000000000005, 33.30000000000005, 33.30000000000005, 33.30000000000005, 33.40000000000005, 33.40000000000005, 33.40000000000005, 33.40000000000005, 33.40000000000005, 33.40000000000005, 33.50000000000005, 33.50000000000005, 33.50000000000005, 33.50000000000005, 33.50000000000005, 33.60000000000005, 33.60000000000005, 33.60000000000005, 33.60000000000005, 33.70000000000005, 33.70000000000005, 33.70000000000005]
CI_1σ_H0= [72.29999999999987, 72.39999999999986, 72.49999999999986, 72.49999999999986, 72.59999999999985, 72.69999999999985, 72.69999999999985, 72.79999999999984, 72.79999999999984, 72.79999999999984, 72.89999999999984, 72.89999999999984, 72.99999999999983, 72.99999999999983, 72.99999999999983, 73.09999999999982, 73.09999999999982, 73.09999999999982, 73.19999999999982, 73.19999999999982, 73.19999999999982, 73.29999999999981, 73.29999999999981, 73.29999999999981, 73.3999999999998, 73.3999999999998, 73.3999999999998, 73.4999999999998, 73.4999999999998, 73.4999999999998, 73.5999999999998, 73.5999999999998, 73.5999999999998, 73.5999999999998, 73.69999999999979, 73.69999999999979, 73.69999999999979, 73.79999999999978, 73.79999999999978, 73.79999999999978, 73.89999999999978, 73.89999999999978, 73.89999999999978, 73.99999999999977, 73.99999999999977, 73.99999999999977, 74.09999999999977, 74.09999999999977, 74.09999999999977, 74.09999999999977, 74.19999999999976, 74.19999999999976, 74.19999999999976, 74.29999999999976, 74.29999999999976, 74.29999999999976, 74.29999999999976, 74.39999999999975, 74.39999999999975, 74.39999999999975, 74.49999999999974, 74.49999999999974, 74.49999999999974, 74.49999999999974, 74.59999999999974, 74.59999999999974, 74.59999999999974, 74.59999999999974, 74.69999999999973, 74.69999999999973, 74.69999999999973, 74.69999999999973, 74.79999999999973, 74.79999999999973, 74.79999999999973, 74.79999999999973, 74.89999999999972, 74.89999999999972, 74.89999999999972, 74.99999999999972, 74.99999999999972, 74.99999999999972, 74.99999999999972]