time of computation of Chi2 =  696.2509391307831 ; aec un autre essai j'ai eu 480s ! ← pas plus lent que mat diag !

[[3085.22280947 3019.23570759 2954.76493711 ... 1524.6429342
  1524.81678879 1526.23628195]
 [3056.04959251 2990.68667334 2926.83919579 ... 1524.4686239
  1525.22663344 1527.22950215]
 [3027.19104198 2962.45148497 2899.22648095 ... 1524.57085781
  1525.91225436 1528.49773171]
 ...
 [2020.0048762  1983.09080131 1947.65161372 ... 1810.12886296
  1837.51134142 1866.10315608]
 [2004.66663369 1968.33978008 1933.48697667 ... 1822.07233576
  1850.00437802 1879.14502322]
 [1989.59114791 1953.85079469 1919.58365559 ... 1834.24507352
  1862.7260049  1892.41480689]]

Om=  33.40000000000005 ; H0=  73.29999999999981 ; min = 1523.016884824435

Cl_95 = [[1528.05217680781], 34.600000000000065, 70.0, [1525.719721057164], 34.70000000000007, 70.0, [1524.6429342041015], 34.80000000000007, 70.0, [1524.8167887919442], 34.90000000000007, 70.0, [1526.2362819467226], 35.00000000000007, 70.0, [1526.7072100810753], 34.600000000000065, 70.1, [1524.9604743289551], 34.70000000000007, 70.1, [1524.4686239022892], 34.80000000000007, 70.1, [1525.2266334380965], 34.90000000000007, 70.1, [1527.229502147746], 35.00000000000007, 70.1, [1528.0612630391756], 34.500000000000064, 70.19999999999999, [1525.6403265215674], 34.600000000000065, 70.19999999999999, [1524.4785407751588], 34.70000000000007, 70.19999999999999, [1524.570857812153], 34.80000000000007, 70.19999999999999, [1525.9122543605365], 34.90000000000007, 70.19999999999999, [1528.4977317142725], 35.00000000000007, 70.19999999999999, [1526.686386023601], 34.500000000000064, 70.29999999999998, [1524.8504152876358], 34.600000000000065, 70.29999999999998, [1524.2728117114057], 34.70000000000007, 70.29999999999998, [1524.94852940373], 34.80000000000007, 70.29999999999998, [1526.8725471808293], 34.90000000000007, 70.29999999999998, [1528.1025678357958], 34.40000000000006, 70.39999999999998, [1525.588142943844], 34.500000000000064, 70.39999999999998, [1524.3363712744122], 34.600000000000065, 70.39999999999998, [1524.342184180338], 34.70000000000007, 70.39999999999998, [1525.6005378643044], 34.80000000000007, 70.39999999999998, [1528.1064132280164], 34.90000000000007, 70.39999999999998, [1526.6956389921038], 34.40000000000006, 70.49999999999997, [1524.7654322519647], 34.500000000000064, 70.49999999999997, [1524.0970950746103], 34.600000000000065, 70.49999999999997, [1524.6855609124457], 34.70000000000007, 70.49999999999997, [1526.5257880592912], 34.80000000000007, 
70.49999999999997, [1528.1768385429868], 34.30000000000006, 70.59999999999997, [1525.5639101242489], 34.40000000000006, 70.59999999999997, [1524.2171580683485], 34.500000000000064, 70.59999999999997, [1524.1314929396096], 34.600000000000065, 70.59999999999997, [1525.3018502872442], 34.70000000000007, 70.59999999999997, [1527.7231904934836], 34.80000000000007, 70.59999999999997, [1526.7357402190896], 34.30000000000006, 70.69999999999996, [1524.7062888581536], 34.40000000000006, 70.69999999999996, [1523.942230143154], 34.500000000000064, 70.69999999999996, [1524.4384767409422], 34.600000000000065, 70.69999999999996, [1526.1899662948065], 34.70000000000007, 70.69999999999996, [1528.2848778311306], 34.20000000000006, 70.79999999999995, [1525.5684229737262], 34.30000000000006, 70.79999999999995, [1524.1216884207674], 34.40000000000006, 70.79999999999995, [1523.939563817997], 34.500000000000064, 70.79999999999995, [1525.0169639320611], 34.600000000000065, 70.79999999999995, [1527.348828497597], 34.70000000000007, 70.79999999999995, [1526.8075158971817], 34.20000000000006, 70.89999999999995, [1524.6738034888936], 34.30000000000006, 70.89999999999995, [1523.8090276021064], 34.40000000000006, 70.89999999999995, [1524.2080799880846], 34.500000000000064, 70.89999999999995, [1525.8658775105253], 34.600000000000065, 70.89999999999995, [1528.7773619927018], 34.70000000000007, 70.89999999999995, [1528.4275431833503], 34.10000000000006, 70.99999999999994, [1525.6025310020748], 34.20000000000006, 70.99999999999994, [1524.0508039814279], 34.30000000000006, 70.99999999999994, [1523.767230717566], 34.40000000000006, 70.99999999999994, [1524.7467050645541], 34.500000000000064, 70.99999999999994, [1526.9841459804243], 34.600000000000065, 70.99999999999994, [1526.9118466733757], 34.10000000000006, 71.09999999999994, [1524.668848768109], 34.20000000000006, 71.09999999999994, [1523.6983521656211], 34.30000000000006, 71.09999999999994, [1523.9952275706314], 34.40000000000006, 71.09999999999994, [1525.5543709372707], 34.500000000000064, 71.09999999999994, [1528.3707033151843], 34.600000000000065, 71.09999999999994, [1528.6057463958593], 34.00000000000006, 71.19999999999993, [1525.6671378187593], 34.10000000000006, 71.19999999999993, [1524.005400287317], 34.20000000000006, 71.19999999999993, [1523.6153812161676], 34.30000000000006, 71.19999999999993, [1524.491953415857], 34.40000000000006, 71.19999999999993, [1526.630014937863], 34.500000000000064, 71.19999999999993, [1527.0496671559645], 34.00000000000006, 71.29999999999993, [1524.6923510682661], 34.10000000000006, 71.29999999999993, [1523.6111220846665], 34.20000000000006, 71.29999999999993, [1523.8008297314332], 34.30000000000006, 71.29999999999993, [1525.2563489222105], 34.40000000000006, 71.29999999999993, [1527.9725798031172], 34.500000000000064, 71.29999999999993, [1528.820453090855], 33.900000000000055, 71.39999999999992, [1525.763200646208], 34.00000000000006, 71.39999999999992, [1523.9864262763824], 34.10000000000006, 71.39999999999992, [1523.4849560816044], 34.20000000000006, 71.39999999999992, [1524.253641697028], 34.30000000000006, 71.39999999999992, [1526.2873601367112], 34.40000000000006, 71.39999999999992, [1527.221965433666], 33.900000000000055, 71.49999999999991, [1524.745290029984], 34.00000000000006, 71.49999999999991, [1523.5483086670713], 34.10000000000006, 71.49999999999991, 
[1523.6258495598722], 34.20000000000006, 71.49999999999991, [1524.9727664497348], 34.30000000000006, 71.49999999999991, [1527.5839384483847], 34.40000000000006, 71.49999999999991, [1529.072682241586], 33.800000000000054, 71.59999999999991, [1525.891729845276], 33.900000000000055, 71.59999999999991, [1523.9948838133755], 34.00000000000006, 71.59999999999991, [1523.3769487978645], 34.10000000000006, 71.59999999999991, [1524.032755125702], 34.20000000000006, 71.59999999999991, [1525.9571586416967], 34.30000000000006, 71.59999999999991, [1529.145040552558], 34.40000000000006, 71.59999999999991, [1527.4297826069453], 33.800000000000054, 71.6999999999999, [1524.8286980936798], 33.900000000000055, 71.6999999999999, [1523.5109358095176], 34.00000000000006, 71.6999999999999, [1523.4713025242925], 34.10000000000006, 71.6999999999999, [1524.7046306742516], 34.20000000000006, 71.6999999999999, [1527.205778204962], 34.30000000000006, 71.6999999999999, [1526.0537884526059], 33.800000000000054, 71.7999999999999, [1524.0318272275902], 33.900000000000055, 71.7999999999999, [1523.2924051032608], 34.00000000000006, 71.7999999999999, [1523.8303309645885], 34.10000000000006, 71.7999999999999, [1525.6404393543914], 34.20000000000006, 71.7999999999999, [1528.7175903163075], 34.30000000000006, 71.7999999999999, [1527.6742123310964], 33.70000000000005, 71.89999999999989, [1524.9436600429929], 33.800000000000054, 71.89999999999989, [1523.5000795413496], 33.900000000000055, 71.89999999999989, [1523.3382560161199], 34.00000000000006, 71.89999999999989, [1524.4530004647022], 34.10000000000006, 71.89999999999989, [1526.8391495337808], 34.20000000000006, 71.89999999999989, [1526.250491729726], 33.70000000000005, 71.99999999999989, [1524.098362862282], 33.800000000000054, 71.99999999999989, [1523.2324225401371], 33.900000000000055, 71.99999999999989, [1523.6474580715521], 34.00000000000006, 71.99999999999989, [1525.3382825636288], 34.10000000000006, 71.99999999999989, [1528.299734764245], 34.20000000000006, 71.99999999999989, [1527.9564003708822], 33.60000000000005, 72.09999999999988, [1525.0913125597647], 33.70000000000005, 72.09999999999988, [1523.5168675798607], 33.800000000000054, 72.09999999999988, [1523.2278289054898], 33.900000000000055, 72.09999999999988, [1524.218985960504], 34.00000000000006, 72.09999999999988, [1526.4851539590404], 34.10000000000006, 72.09999999999988, [1526.483006723549], 33.60000000000005, 72.19999999999987, [1524.1956486354825], 33.70000000000005, 72.19999999999987, [1523.1981500160457], 33.800000000000054, 72.19999999999987, [1523.48527646107], 33.900000000000055, 72.19999999999987, [1525.0518195072862], 34.00000000000006, 72.19999999999987, [1527.8925964731657], 34.10000000000006, 72.19999999999987, [1528.2775441665503], 33.50000000000005, 72.29999999999987, [1525.2728437903415], 33.60000000000005, 72.29999999999987, [1523.5624788968757], 33.70000000000005, 72.29999999999987, [1523.1411911081523], 33.800000000000054, 72.29999999999987, [1524.0037481387794], 33.900000000000055, 72.29999999999987, [1526.1449436357022], 34.00000000000006, 72.29999999999987, [1526.7525518380921], 33.50000000000005, 72.39999999999986, [1524.324893611975], 33.60000000000005, 72.39999999999986, [1523.1907873759712], 33.70000000000005, 72.39999999999986, [1523.3449768767825], 33.800000000000054, 72.39999999999986, [1524.782231945139], 33.900000000000055, 72.39999999999986, [1527.4973483354868], 34.00000000000006, 72.39999999999986, [1528.638892410972], 33.40000000000005, 72.49999999999986, [1525.4894929229258], 33.50000000000005, 72.49999999999986, [1523.6381432964008], 33.60000000000005, 72.49999999999986, [1523.0795631633368], 33.70000000000005, 72.49999999999986, [1523.8084983924819], 33.800000000000054, 72.49999999999986, [1525.8197209279574], 33.900000000000055, 72.49999999999986, [1529.1080286290453], 34.00000000000006, 72.49999999999986, [1527.0603964172137], 33.40000000000005, 72.59999999999985, [1524.4873575862882], 33.50000000000005, 72.59999999999985, [1523.2115849855643], 33.60000000000005, 72.59999999999985, [1523.2278003749743], 33.70000000000005, 72.59999999999985, [1524.5307517425902], 33.800000000000054, 72.59999999999985, [1527.1152131432643], 33.900000000000055, 72.59999999999985, [1529.041744637641], 33.30000000000005, 72.69999999999985, [1525.7425497758413], 33.40000000000005, 72.69999999999985, [1523.7451410030692], 33.50000000000005, 72.69999999999985, [1523.0442158225108], 33.60000000000005, 72.69999999999985, [1523.6344981193936], 33.70000000000005, 72.69999999999985, [1525.5107379984463], 33.800000000000054, 72.69999999999985, [1528.6677116225544], 33.900000000000055, 72.69999999999985, [1527.4078603380806], 33.30000000000005, 72.79999999999984, [1524.6843506763682], 33.40000000000005, 72.79999999999984, [1523.2618433250816], 33.50000000000005, 72.79999999999984, [1523.1350379187022], 33.60000000000005, 72.79999999999984, [1524.2986604650498], 33.70000000000005, 72.79999999999984, [1526.7474631828172], 33.800000000000054, 72.79999999999984, [1526.0333543964205], 33.30000000000005, 72.89999999999984, [1523.88480226127], 33.40000000000005, 72.89999999999984, [1523.0364696486558], 33.50000000000005, 72.89999999999984, [1523.483058321647], 33.60000000000005, 72.89999999999984, [1525.2192964079818], 33.70000000000005, 72.89999999999984, [1528.2399382376543], 33.800000000000054, 72.89999999999984, [1527.7963136152184], 33.200000000000045, 72.99999999999983, [1524.9172329278185], 33.30000000000005, 72.99999999999983, [1523.342912593783], 33.40000000000005, 72.99999999999983, [1523.0680299824548], 33.50000000000005, 72.99999999999983, [1524.0872889827926], 33.60000000000005, 72.99999999999983, [1526.3954198397869], 33.70000000000005, 72.99999999999983, [1526.3632966703196], 33.200000000000045, 73.09999999999982, [1524.0585069446292], 33.30000000000005, 73.09999999999982, [1523.0576946259662], 33.40000000000005, 73.09999999999982, [1523.3555392155888], 33.50000000000005, 73.09999999999982, [1524.9467467256795], 33.60000000000005, 73.09999999999982, [1527.826049515798], 33.70000000000005, 73.09999999999982, [1528.2271760149338], 33.100000000000044, 73.19999999999982, [1525.1874139284726], 33.200000000000045, 73.19999999999982, [1523.456192324666], 33.30000000000005, 73.19999999999982, [1523.0281661670115], 33.40000000000005, 73.19999999999982, [1523.898017086002], 33.50000000000005, 73.19999999999982, [1526.0604532143757], 33.60000000000005, 73.19999999999982, [1526.7338159411272], 33.100000000000044, 73.29999999999981, [1524.2676841757573], 33.200000000000045, 73.29999999999981, [1523.1093097797318], 33.30000000000005, 73.29999999999981, [1523.2533498518308], 33.40000000000005, 73.29999999999981, [1524.694488149099], 33.50000000000005, 73.29999999999981, [1527.4274349221657], 33.60000000000005, 73.29999999999981, [1528.7019166798368], 33.00000000000004, 73.3999999999998, [1525.496352433066], 33.100000000000044, 73.3999999999998, [1523.603131009284], 33.200000000000045, 73.3999999999998, [1523.016884824435], 33.30000000000005, 73.3999999999998, [1523.7322731099157], 33.40000000000005, 73.3999999999998, [1525.7439817466538], 33.50000000000005, 73.3999999999998, [1529.0467231004945], 33.60000000000005, 73.3999999999998, [1527.146400639949], 33.00000000000004, 73.4999999999998, [1524.5138119559624], 33.100000000000044, 73.4999999999998, [1523.1927828061878], 33.200000000000045, 73.4999999999998, [1523.1779477452446], 33.30000000000005, 73.4999999999998, [1524.4639681344454], 33.40000000000005, 73.4999999999998, [1527.0455319759553], 33.50000000000005, 73.4999999999998, [1525.8455559978472], 33.00000000000004, 73.5999999999998, [1523.785225732474], 33.100000000000044, 73.5999999999998, [1523.0356726929115], 33.200000000000045, 73.5999999999998, [1523.5915335697798], 33.30000000000005, 73.5999999999998, [1525.447471851644], 33.40000000000005, 73.5999999999998, [1528.5981776592344], 33.50000000000005, 73.5999999999998, [1527.6025879248864], 32.90000000000004, 73.69999999999979, [1524.7984168048124], 33.00000000000004, 73.69999999999979, [1523.3096297121754], 33.100000000000044, 73.69999999999979, [1523.130838514727], 33.200000000000045, 73.69999999999979, [1524.2566820364036], 33.30000000000005, 73.69999999999979, [1526.681825890389], 33.40000000000005, 73.69999999999979, [1526.2365806249486], 32.90000000000004, 73.79999999999978, [1524.0040218168115], 33.00000000000004, 73.79999999999978, [1523.0860645412606], 33.100000000000044, 73.79999999999978, [1523.47732280547], 33.200000000000045, 73.79999999999978, [1525.172437564044], 33.30000000000005, 73.79999999999978, [1528.1660765521135], 33.40000000000005, 73.79999999999978, [1528.1039633301746], 32.80000000000004, 73.89999999999978, [1525.1230734093347], 32.90000000000004, 73.89999999999978, [1523.4614144644256], 33.00000000000004, 73.89999999999978, [1523.1135755325402], 33.100000000000044, 73.89999999999978, [1524.0741727576076], 33.200000000000045, 73.89999999999978, [1526.3378492222473], 33.30000000000005, 73.89999999999978, [1526.671030416307], 32.80000000000004, 
73.99999999999977, [1524.2611124765583], 32.90000000000004, 73.99999999999977, [1523.1696428230032], 33.00000000000004, 73.99999999999977, [1523.3912126356322], 33.100000000000044, 73.99999999999977, [1524.920440192463], 33.200000000000045, 73.99999999999977, [1527.751970701488], 33.30000000000005, 73.99999999999977, [1528.6521604247857], 32.70000000000004, 74.09999999999977, [1525.4894042826809], 32.80000000000004, 74.09999999999977, [1523.6497486482392], 32.90000000000004, 74.09999999999977, [1523.1277595830898], 33.00000000000004, 74.09999999999977, [1523.9180304074362], 33.100000000000044, 74.09999999999977, [1526.015181530759], 33.200000000000045, 74.09999999999977, [1527.1505572369708], 32.70000000000004, 74.19999999999976, [1524.558138481021], 32.80000000000004, 74.19999999999976, [1523.2880373397145], 32.90000000000004, 74.19999999999976, [1523.3348220210667], 33.00000000000004, 74.19999999999976, [1524.69308798284], 33.100000000000044, 74.19999999999976, [1527.3574577633306], 33.200000000000045, 74.19999999999976, [1525.8990794320491], 32.70000000000004, 74.29999999999976, [1523.8762911354577], 32.80000000000004, 74.29999999999976, [1523.1750385308849], 32.90000000000004, 74.29999999999976, [1523.789891970048], 33.00000000000004, 74.29999999999976, [1525.7154490456594], 33.100000000000044, 74.29999999999976, [1528.9463344221494], 33.200000000000045, 74.29999999999976, [1527.6768603875944], 32.60000000000004, 74.39999999999975, [1524.8967878270537], 32.70000000000004, 74.39999999999975, [1523.4429249135585], 32.80000000000004, 74.39999999999975, [1523.3098167372868], 
32.90000000000004, 74.39999999999975, [1524.4920357910426], 33.00000000000004, 74.39999999999975, [1526.9841817997983], 33.100000000000044, 74.39999999999975, [1526.3538160357248], 32.60000000000004, 74.49999999999974, [1524.1427477615018], 32.70000000000004, 74.49999999999974, [1523.25710699759], 32.80000000000004, 74.49999999999974, [1523.6914409814378], 32.90000000000004, 74.49999999999974, [1525.4403243442669], 33.00000000000004, 74.49999999999974, [1528.498358940686], 33.100000000000044, 74.49999999999974, [1528.2516862860023], 32.500000000000036, 74.59999999999974, [1525.278795420601], 32.60000000000004, 74.59999999999974, [1523.6360290688003], 32.70000000000004, 74.59999999999974, [1523.3179090560407], 32.80000000000004, 74.59999999999974, [1524.3189847643644], 32.90000000000004, 74.59999999999974, [1526.6338329607813], 33.00000000000004, 74.59999999999974, [1526.8553781291105], 32.500000000000036, 74.69999999999973, [1524.450871011325], 32.60000000000004, 74.69999999999973, [1523.3757060479818], 32.70000000000004, 74.69999999999973, [1523.624407215334], 32.80000000000004, 74.69999999999973, [1525.1915260373958], 32.90000000000004, 74.69999999999973, [1528.0716414143228], 33.00000000000004, 74.69999999999973, [1528.8768281576413], 32.400000000000034, 74.79999999999973, [1525.7059427670629], 32.500000000000036, 74.79999999999973, [1523.869119722146], 32.60000000000004, 74.79999999999973, [1523.3608574355915], 32.70000000000004, 74.79999999999973, [1524.1756820318258], 32.80000000000004, 74.79999999999973, [1526.3081471741777], 32.90000000000004, 74.79999999999973, [1527.405576299457], 32.400000000000034, 74.89999999999972, [1524.8024597141464], 32.500000000000036, 74.89999999999972, [1523.5326228845747], 32.60000000000004, 74.89999999999972, [1523.590566377865], 32.70000000000004, 74.89999999999972, [1524.9708184639653], 32.80000000000004, 74.89999999999972, [1527.6679349429041], 32.90000000000004, 74.89999999999972, [1526.1800576703793], 32.400000000000034, 74.99999999999972, [1524.1440128817617], 32.500000000000036, 74.99999999999972, [1523.4404662197012], 32.60000000000004, 74.99999999999972, [1524.0639204030738], 32.70000000000004, 74.99999999999972, [1526.0089058447318], 32.80000000000004, 74.99999999999972]
nb d'éléments CI_2σ = 304.0
CI_1σ = [[1524.6429342041015], 34.80000000000007, 70.0, [1524.8167887919442], 34.90000000000007, 70.0, [1524.9604743289551], 34.70000000000007, 70.1, [1524.4686239022892], 34.80000000000007, 70.1, [1525.2266334380965], 34.90000000000007, 70.1, [1524.4785407751588], 34.70000000000007, 70.19999999999999, [1524.570857812153], 34.80000000000007, 70.19999999999999, [1524.8504152876358], 34.600000000000065, 70.29999999999998, [1524.2728117114057], 34.70000000000007, 70.29999999999998, [1524.94852940373], 34.80000000000007, 70.29999999999998, [1524.3363712744122], 34.600000000000065, 70.39999999999998, [1524.342184180338], 34.70000000000007, 70.39999999999998, [1524.7654322519647], 34.500000000000064, 70.49999999999997, [1524.0970950746103], 34.600000000000065, 70.49999999999997, [1524.6855609124457], 34.70000000000007, 70.49999999999997, [1524.2171580683485], 34.500000000000064, 70.59999999999997, [1524.1314929396096], 34.600000000000065, 70.59999999999997, [1525.3018502872442], 34.70000000000007, 70.59999999999997, [1524.7062888581536], 34.40000000000006, 70.69999999999996, [1523.942230143154], 34.500000000000064, 70.69999999999996, [1524.4384767409422], 34.600000000000065, 70.69999999999996, [1524.1216884207674], 34.40000000000006, 70.79999999999995, [1523.939563817997], 34.500000000000064, 70.79999999999995, [1525.0169639320611], 34.600000000000065, 70.79999999999995, [1524.6738034888936], 34.30000000000006, 70.89999999999995, [1523.8090276021064], 34.40000000000006, 70.89999999999995, [1524.2080799880846], 34.500000000000064, 70.89999999999995, [1524.0508039814279], 34.30000000000006, 70.99999999999994, [1523.767230717566], 34.40000000000006, 70.99999999999994, [1524.7467050645541], 34.500000000000064, 70.99999999999994, [1524.668848768109], 34.20000000000006, 71.09999999999994, [1523.6983521656211], 34.30000000000006, 71.09999999999994, [1523.9952275706314], 34.40000000000006, 71.09999999999994, [1524.005400287317], 34.20000000000006, 71.19999999999993, [1523.6153812161676], 34.30000000000006, 71.19999999999993, [1524.491953415857], 34.40000000000006, 71.19999999999993, [1524.6923510682661], 34.10000000000006, 71.29999999999993, [1523.6111220846665], 34.20000000000006, 71.29999999999993, [1523.8008297314332], 34.30000000000006, 71.29999999999993, [1525.2563489222105], 34.40000000000006, 71.29999999999993, [1523.9864262763824], 34.10000000000006, 71.39999999999992, [1523.4849560816044], 34.20000000000006, 71.39999999999992, [1524.253641697028], 34.30000000000006, 71.39999999999992, [1524.745290029984], 34.00000000000006, 71.49999999999991, [1523.5483086670713], 34.10000000000006, 71.49999999999991, [1523.6258495598722], 34.20000000000006, 71.49999999999991, [1524.9727664497348], 34.30000000000006, 71.49999999999991, [1523.9948838133755], 34.00000000000006, 71.59999999999991, [1523.3769487978645], 34.10000000000006, 71.59999999999991, [1524.032755125702], 34.20000000000006, 71.59999999999991, [1524.8286980936798], 33.900000000000055, 71.6999999999999, [1523.5109358095176], 34.00000000000006, 71.6999999999999, [1523.4713025242925], 34.10000000000006, 71.6999999999999, [1524.7046306742516], 34.20000000000006, 71.6999999999999, [1524.0318272275902], 33.900000000000055, 71.7999999999999, [1523.2924051032608], 34.00000000000006, 71.7999999999999, [1523.8303309645885], 34.10000000000006, 71.7999999999999, [1524.9436600429929], 33.800000000000054, 71.89999999999989, [1523.5000795413496], 33.900000000000055, 71.89999999999989, [1523.3382560161199], 34.00000000000006, 71.89999999999989, [1524.4530004647022], 34.10000000000006, 71.89999999999989, [1524.098362862282], 33.800000000000054, 71.99999999999989, [1523.2324225401371], 33.900000000000055, 71.99999999999989, [1523.6474580715521], 34.00000000000006, 71.99999999999989, [1525.0913125597647], 33.70000000000005, 72.09999999999988, [1523.5168675798607], 33.800000000000054, 72.09999999999988, [1523.2278289054898], 33.900000000000055, 72.09999999999988, [1524.218985960504], 34.00000000000006, 72.09999999999988, [1524.1956486354825], 33.70000000000005, 72.19999999999987, [1523.1981500160457], 33.800000000000054, 72.19999999999987, [1523.48527646107], 33.900000000000055, 72.19999999999987, [1525.0518195072862], 34.00000000000006, 72.19999999999987, [1525.2728437903415], 33.60000000000005, 72.29999999999987, [1523.5624788968757], 33.70000000000005, 72.29999999999987, [1523.1411911081523], 33.800000000000054, 72.29999999999987, [1524.0037481387794], 33.900000000000055, 72.29999999999987, [1524.324893611975], 33.60000000000005, 72.39999999999986, [1523.1907873759712], 33.70000000000005, 72.39999999999986, [1523.3449768767825], 33.800000000000054, 72.39999999999986, [1524.782231945139], 33.900000000000055, 72.39999999999986, [1523.6381432964008], 33.60000000000005, 72.49999999999986, [1523.0795631633368], 33.70000000000005, 72.49999999999986, [1523.8084983924819], 33.800000000000054, 72.49999999999986, [1524.4873575862882], 33.50000000000005, 72.59999999999985, [1523.2115849855643], 33.60000000000005, 72.59999999999985, [1523.2278003749743], 33.70000000000005, 72.59999999999985, [1524.5307517425902], 33.800000000000054, 72.59999999999985, [1523.7451410030692], 33.50000000000005, 72.69999999999985, [1523.0442158225108], 33.60000000000005, 72.69999999999985, [1523.6344981193936], 33.70000000000005, 72.69999999999985, [1524.6843506763682], 33.40000000000005, 72.79999999999984, [1523.2618433250816], 33.50000000000005, 72.79999999999984, [1523.1350379187022], 33.60000000000005, 72.79999999999984, [1524.2986604650498], 33.70000000000005, 72.79999999999984, [1523.88480226127], 33.40000000000005, 72.89999999999984, [1523.0364696486558], 33.50000000000005, 72.89999999999984, [1523.483058321647], 33.60000000000005, 72.89999999999984, [1525.2192964079818], 33.70000000000005, 72.89999999999984, [1524.9172329278185], 33.30000000000005, 72.99999999999983, [1523.342912593783], 33.40000000000005, 72.99999999999983, [1523.0680299824548], 33.50000000000005, 72.99999999999983, [1524.0872889827926], 33.60000000000005, 72.99999999999983, [1524.0585069446292], 33.30000000000005, 73.09999999999982, [1523.0576946259662], 33.40000000000005, 73.09999999999982, [1523.3555392155888], 33.50000000000005, 73.09999999999982, [1524.9467467256795], 33.60000000000005, 73.09999999999982, [1525.1874139284726], 33.200000000000045, 73.19999999999982, [1523.456192324666], 33.30000000000005, 73.19999999999982, [1523.0281661670115], 33.40000000000005, 73.19999999999982, [1523.898017086002], 33.50000000000005, 73.19999999999982, [1524.2676841757573], 33.200000000000045, 73.29999999999981, [1523.1093097797318], 33.30000000000005, 73.29999999999981, [1523.2533498518308], 33.40000000000005, 73.29999999999981, [1524.694488149099], 33.50000000000005, 73.29999999999981, [1523.603131009284], 33.200000000000045, 73.3999999999998, [1523.016884824435], 33.30000000000005, 73.3999999999998, [1523.7322731099157], 33.40000000000005, 73.3999999999998, [1524.5138119559624], 33.100000000000044, 73.4999999999998, [1523.1927828061878], 33.200000000000045, 73.4999999999998, [1523.1779477452446], 33.30000000000005, 73.4999999999998, [1524.4639681344454], 33.40000000000005, 73.4999999999998, [1523.785225732474], 33.100000000000044, 73.5999999999998, [1523.0356726929115], 33.200000000000045, 73.5999999999998, [1523.5915335697798], 33.30000000000005, 73.5999999999998, [1524.7984168048124], 33.00000000000004, 73.69999999999979, [1523.3096297121754], 33.100000000000044, 73.69999999999979, [1523.130838514727], 33.200000000000045, 73.69999999999979, [1524.2566820364036], 33.30000000000005, 73.69999999999979, [1524.0040218168115], 33.00000000000004, 73.79999999999978, [1523.0860645412606], 33.100000000000044, 73.79999999999978, [1523.47732280547], 33.200000000000045, 73.79999999999978, [1525.172437564044], 33.30000000000005, 73.79999999999978, [1525.1230734093347], 32.90000000000004, 73.89999999999978, [1523.4614144644256], 33.00000000000004, 73.89999999999978, [1523.1135755325402], 33.100000000000044, 73.89999999999978, [1524.0741727576076], 33.200000000000045, 73.89999999999978, [1524.2611124765583], 32.90000000000004, 73.99999999999977, [1523.1696428230032], 33.00000000000004, 73.99999999999977, [1523.3912126356322], 33.100000000000044, 73.99999999999977, [1524.920440192463], 33.200000000000045, 73.99999999999977, [1523.6497486482392], 32.90000000000004, 74.09999999999977, [1523.1277595830898], 33.00000000000004, 74.09999999999977, [1523.9180304074362], 33.100000000000044, 74.09999999999977, [1524.558138481021], 32.80000000000004, 74.19999999999976, [1523.2880373397145], 32.90000000000004, 74.19999999999976, [1523.3348220210667], 33.00000000000004, 74.19999999999976, [1524.69308798284], 33.100000000000044, 74.19999999999976, [1523.8762911354577], 32.80000000000004, 74.29999999999976, [1523.1750385308849], 32.90000000000004, 74.29999999999976, [1523.789891970048], 33.00000000000004, 74.29999999999976, [1524.8967878270537], 32.70000000000004, 74.39999999999975, [1523.4429249135585], 32.80000000000004, 74.39999999999975, [1523.3098167372868], 32.90000000000004, 74.39999999999975, [1524.4920357910426], 33.00000000000004, 74.39999999999975, [1524.1427477615018], 32.70000000000004, 74.49999999999974, [1523.25710699759], 32.80000000000004, 74.49999999999974, [1523.6914409814378], 32.90000000000004, 74.49999999999974, [1525.278795420601], 32.60000000000004, 74.59999999999974, [1523.6360290688003], 32.70000000000004, 74.59999999999974, [1523.3179090560407], 32.80000000000004, 74.59999999999974, [1524.3189847643644], 32.90000000000004, 74.59999999999974, [1524.450871011325], 
32.60000000000004, 74.69999999999973, [1523.3757060479818], 32.70000000000004, 74.69999999999973, [1523.624407215334], 32.80000000000004, 74.69999999999973, [1525.1915260373958], 32.90000000000004, 74.69999999999973, [1523.869119722146], 32.60000000000004, 74.79999999999973, [1523.3608574355915], 32.70000000000004, 74.79999999999973, [1524.1756820318258], 32.80000000000004, 74.79999999999973, [1524.8024597141464], 32.500000000000036, 74.89999999999972, [1523.5326228845747], 32.60000000000004, 74.89999999999972, [1523.590566377865], 32.70000000000004, 74.89999999999972, [1524.9708184639653], 32.80000000000004, 74.89999999999972, [1524.1440128817617], 32.500000000000036, 74.99999999999972, [1523.4404662197012], 32.60000000000004, 74.99999999999972, [1524.0639204030738], 32.70000000000004, 74.99999999999972]
nb d'éléments CI_1σ = 175.0
CI_1σ_Omegam = [32.500000000000036, 32.500000000000036, 32.60000000000004, 32.60000000000004, 32.60000000000004, 32.60000000000004, 32.60000000000004, 32.70000000000004, 32.70000000000004, 32.70000000000004, 32.70000000000004, 32.70000000000004, 32.70000000000004, 32.70000000000004, 32.80000000000004, 32.80000000000004, 32.80000000000004, 32.80000000000004, 32.80000000000004, 32.80000000000004, 32.80000000000004, 32.80000000000004, 32.90000000000004, 32.90000000000004, 32.90000000000004, 32.90000000000004, 32.90000000000004, 32.90000000000004, 32.90000000000004, 32.90000000000004, 32.90000000000004, 33.00000000000004, 33.00000000000004, 33.00000000000004, 33.00000000000004, 33.00000000000004, 33.00000000000004, 33.00000000000004, 33.00000000000004, 33.100000000000044, 33.100000000000044, 33.100000000000044, 33.100000000000044, 33.100000000000044, 33.100000000000044, 33.100000000000044, 33.100000000000044, 33.200000000000045, 33.200000000000045, 33.200000000000045, 33.200000000000045, 33.200000000000045, 33.200000000000045, 33.200000000000045, 33.200000000000045, 33.200000000000045, 33.30000000000005, 33.30000000000005, 33.30000000000005, 33.30000000000005, 33.30000000000005, 33.30000000000005, 33.30000000000005, 33.30000000000005, 33.30000000000005, 33.40000000000005, 33.40000000000005, 33.40000000000005, 33.40000000000005, 33.40000000000005, 33.40000000000005, 33.40000000000005, 33.40000000000005, 33.50000000000005, 33.50000000000005, 33.50000000000005, 33.50000000000005, 33.50000000000005, 33.50000000000005, 33.50000000000005, 33.50000000000005, 33.60000000000005, 33.60000000000005, 33.60000000000005, 33.60000000000005, 33.60000000000005, 33.60000000000005, 33.60000000000005, 33.60000000000005, 33.60000000000005, 33.70000000000005, 33.70000000000005, 33.70000000000005, 33.70000000000005, 33.70000000000005, 33.70000000000005, 33.70000000000005, 33.70000000000005, 33.70000000000005, 33.800000000000054, 33.800000000000054, 33.800000000000054, 33.800000000000054, 33.800000000000054, 33.800000000000054, 33.800000000000054, 33.800000000000054, 33.900000000000055, 33.900000000000055, 33.900000000000055, 
33.900000000000055, 33.900000000000055, 33.900000000000055, 33.900000000000055, 33.900000000000055, 34.00000000000006, 34.00000000000006, 34.00000000000006, 34.00000000000006, 34.00000000000006, 34.00000000000006, 34.00000000000006, 34.00000000000006, 34.10000000000006, 34.10000000000006, 34.10000000000006, 34.10000000000006, 34.10000000000006, 34.10000000000006, 34.10000000000006, 34.20000000000006, 34.20000000000006, 34.20000000000006, 34.20000000000006, 34.20000000000006, 34.20000000000006, 34.20000000000006, 34.30000000000006, 34.30000000000006, 34.30000000000006, 34.30000000000006, 34.30000000000006, 34.30000000000006, 34.30000000000006, 34.40000000000006, 34.40000000000006, 34.40000000000006, 34.40000000000006, 34.40000000000006, 34.40000000000006, 34.40000000000006, 34.500000000000064, 34.500000000000064, 34.500000000000064, 34.500000000000064, 34.500000000000064, 34.500000000000064, 34.600000000000065, 34.600000000000065, 34.600000000000065, 34.600000000000065, 34.600000000000065, 34.600000000000065, 34.70000000000007, 34.70000000000007, 34.70000000000007, 34.70000000000007, 34.70000000000007, 34.70000000000007, 34.80000000000007, 34.80000000000007, 34.80000000000007, 34.80000000000007, 34.90000000000007, 34.90000000000007]
CI_1σ_H0= [70.0, 70.0, 70.1, 70.1, 70.1, 70.19999999999999, 70.19999999999999, 70.29999999999998, 70.29999999999998, 70.29999999999998, 70.39999999999998, 70.39999999999998, 70.49999999999997, 70.49999999999997, 70.49999999999997, 70.59999999999997, 70.59999999999997, 70.59999999999997, 70.69999999999996, 70.69999999999996, 70.69999999999996, 70.79999999999995, 70.79999999999995, 70.79999999999995, 70.89999999999995, 70.89999999999995, 70.89999999999995, 70.99999999999994, 70.99999999999994, 70.99999999999994, 71.09999999999994, 71.09999999999994, 71.09999999999994, 71.19999999999993, 71.19999999999993, 71.19999999999993, 71.29999999999993, 71.29999999999993, 71.29999999999993, 71.29999999999993, 71.39999999999992, 71.39999999999992, 71.39999999999992, 71.49999999999991, 71.49999999999991, 71.49999999999991, 71.49999999999991, 71.59999999999991, 71.59999999999991, 71.59999999999991, 71.6999999999999, 71.6999999999999, 71.6999999999999, 71.6999999999999, 71.7999999999999, 71.7999999999999, 71.7999999999999, 71.89999999999989, 71.89999999999989, 71.89999999999989, 71.89999999999989, 71.99999999999989, 71.99999999999989, 71.99999999999989, 72.09999999999988, 72.09999999999988, 72.09999999999988, 72.09999999999988, 72.19999999999987, 72.19999999999987, 72.19999999999987, 72.19999999999987, 72.29999999999987, 72.29999999999987, 72.29999999999987, 72.29999999999987, 72.39999999999986, 72.39999999999986, 72.39999999999986, 72.39999999999986, 72.49999999999986, 72.49999999999986, 72.49999999999986, 72.59999999999985, 72.59999999999985, 72.59999999999985, 72.59999999999985, 72.69999999999985, 72.69999999999985, 72.69999999999985, 72.79999999999984, 72.79999999999984, 72.79999999999984, 72.79999999999984, 72.89999999999984, 72.89999999999984, 72.89999999999984, 72.89999999999984, 72.99999999999983, 72.99999999999983, 72.99999999999983, 72.99999999999983, 73.09999999999982, 73.09999999999982, 73.09999999999982, 73.09999999999982, 73.19999999999982, 73.19999999999982, 73.19999999999982, 73.19999999999982, 73.29999999999981, 73.29999999999981, 73.29999999999981, 73.29999999999981, 73.3999999999998, 73.3999999999998, 73.3999999999998, 73.4999999999998, 73.4999999999998, 73.4999999999998, 73.4999999999998, 73.5999999999998, 73.5999999999998, 73.5999999999998, 73.69999999999979, 73.69999999999979, 73.69999999999979, 73.69999999999979, 73.79999999999978, 73.79999999999978, 73.79999999999978, 73.79999999999978, 73.89999999999978, 73.89999999999978, 73.89999999999978, 73.89999999999978, 73.99999999999977, 73.99999999999977, 73.99999999999977, 73.99999999999977, 74.09999999999977, 74.09999999999977, 74.09999999999977, 74.19999999999976, 74.19999999999976, 74.19999999999976, 74.19999999999976, 74.29999999999976, 74.29999999999976, 74.29999999999976, 74.39999999999975, 74.39999999999975, 74.39999999999975, 74.39999999999975, 74.49999999999974, 74.49999999999974, 74.49999999999974, 74.59999999999974, 74.59999999999974, 74.59999999999974, 74.59999999999974, 74.69999999999973, 74.69999999999973, 
74.69999999999973, 74.69999999999973, 74.79999999999973, 74.79999999999973, 74.79999999999973, 74.89999999999972, 74.89999999999972, 74.89999999999972, 74.89999999999972, 74.99999999999972, 74.99999999999972, 74.99999999999972]