CAS alpha = 0.18 ( alpha = alpha = ((H0riess/H0planck)^2)-1 )


*delta = 0.01 ; H0 E [65;75] :

H0=  67.91000000000149 ; min = 1527.9427527214536  ← Valeur de H0 dans à moins de 1 sigma de la valeur de Planck20218 (67.4 +/- 0.5) avec un très bon fit !

Cl_95 = [67.69000000000138, [1531.7251735147538], 67.70000000000138, [1531.392987101478], 67.71000000000139, [1531.076108420485], 67.72000000000139, [1530.7745306973493], 67.7300000000014, [1530.4882471613093], 67.7400000000014, [1530.2172510452824], 67.7500000000014, [1529.9615355858268], 67.76000000000141, [1529.7210940231748], 67.77000000000142, [1529.495919601208], 67.78000000000142, [1529.2860055674678], 67.79000000000143, [1529.0913451731335][1528.2433317608043], 67.86000000000146, [1528.1552581818419], 67.87000000000147, [1528.0823843829548], 67.88000000000147, [1528.0247036480982], 67.89000000000148, [1527.982209264822], 67.90000000000148, [1527.9548945243384], 
67.91000000000149, [1527.9427527214536], 67.9200000000015, [1527.9457771546054], 67.9300000000015, [1527.9639611258392], 67.9400000000015, [1527.9972979408394], 67.95000000000151, [1528.0457809088678], 67.96000000000151, [1528.1094033428344], 67.97000000000152, [1528.1881585592241], 67.98000000000152, [1528.282039878146], 67.99000000000153, [1528.3910406233051], 68.00000000000153, [1528.515154122007], 68.01000000000154, [1528.6543737051625], 68.02000000000155, [1528.8086927072627], 68.03000000000155, [1528.9781044664117], 68.04000000000156, [1529.1626023242907], 68.05000000000156, [1529.36217962617], 68.06000000000157, [1529.5768297209145], 68.07000000000157, [1529.806545960962], 68.08000000000158, [1530.0513217023417], 68.09000000000158, [1530.3111503046553], 68.10000000000159, [1530.5860251310821], 68.11000000000159, [1530.8759395483773], 68.1200000000016, [1531.1808869268673], 68.1300000000016, [1531.5008606404438]]
nb d'éléments CL_95 = 45.0

CL_68 = [67.80000000000143, [1528.9119316730491], 67.81000000000144, [1528.7477583256975], 67.82000000000144, [1528.5988183932063], 67.83000000000145, [1528.4651051413518], 67.84000000000145, [1528.3466118395336], 67.85000000000146, [1528.2433317608043], 67.86000000000146, [1528.1552581818419], 67.87000000000147, [1528.0823843829548], 67.88000000000147, [1528.0247036480982], 67.89000000000148, [1527.982209264822], 67.90000000000148, [1527.9548945243384], 67.91000000000149, [1527.9427527214536], 67.9200000000015, [1527.9457771546054], 67.9300000000015, [1527.9639611258392], 67.9400000000015, [1527.9972979408394], 67.95000000000151, [1528.0457809088678], 67.96000000000151, [1528.1094033428344], 67.97000000000152, [1528.1881585592241], 67.98000000000152, [1528.282039878146], 67.99000000000153, [1528.3910406233051], 68.00000000000153, [1528.515154122007], 68.01000000000154, [1528.6543737051625], 68.02000000000155, [1528.8086927072627]]
nb d'éléments CL_68 = 23.0

*delta = 0.001 ; H0 E [66.5;74.5] :

H0=  67.91300000000675 ; min = 1527.9420679014386

Cl_95 = [67.68900000000568, [1531.759234342135], 67.69000000000568, [1531.7251735146085], 67.69100000000569, [1531.6912658321814], 67.69200000000569, [1531.6575112880732], 67.6930000000057, [1531.6239098755118], 67.6940000000057, [1531.590461587708], 67.6950000000057, [1531.557166417891], 67.69600000000571, [1531.52402435928], 67.69700000000572, [1531.4910354050974], 67.69800000000572, [1531.458199548561], 67.69900000000573, [1531.4255167829012], 67.70000000000573, [1531.3929871013374], 67.70100000000573, [1531.3606104970906], 67.70200000000574, [1531.32838696339], 67.70300000000574, [1531.2963164934595], 67.70400000000575, [1531.2643990805154], 67.70500000000575, [1531.232634717793], 67.70600000000576, [1531.2010233985118], 67.70700000000576, [1531.169565115904], 67.70800000000577, [1531.1382598631903], 67.70900000000577, [1531.1071076335954], 67.71000000000578, [1531.0761084203475], 67.71100000000578, [1531.0452622166767], 67.71200000000579, [1531.0145690158113], 67.71300000000579, [1530.9840288109726], 67.7140000000058, [1530.953641595395], 67.7150000000058, [1530.9234073623106], 67.7160000000058, [1530.8933261049383], 67.71700000000581, [1530.8633978165124], 67.71800000000582, [1530.8336224902625], 67.71900000000582, [1530.8040001194213], 67.72000000000583, [1530.7745306972192], 67.72100000000583, [1530.7452142168756], 67.72200000000583, [1530.7160506716443], 67.72300000000584, [1530.6870400547327], 67.72400000000584, [1530.658182359392], 67.72500000000585, [1530.62947757884], 67.72600000000585, [1530.6009257063236], 67.72700000000586, [1530.5725267350647], 67.72800000000586, [1530.5442806582985], 67.72900000000587, [1530.5161874692617], 67.73000000000587, [1530.4882471611852], 67.73100000000588, [1530.4604597273067], 67.73200000000588, [1530.4328251608645], 67.73300000000589, [1530.4053434550838], 67.73400000000589, [1530.3780146032082], 67.7350000000059, [1530.3508385984755], 67.7360000000059, [1530.3238154341122], 67.7370000000059, [1530.2969451033612], 67.73800000000591, [1530.2702275994634], 67.73900000000592, [1530.2436629156502], 67.74000000000592, [1530.2172510451637], 67.74100000000593, [1530.190991981236], 67.74200000000593, [1530.1648857171097], 67.74300000000594, [1530.1389322460288], 67.74400000000594, [1530.1131315612245], 67.74500000000594, [1530.0874836559417], 67.74600000000595, [1530.0619885234134], 67.74700000000595, [1530.0366461568847], 67.74800000000596, [1530.0114565495994], 67.74900000000596, [1529.9864196947933], 
67.75000000000597, [1529.9615355857159], 67.75100000000597, [1529.9368042155984], 67.75200000000598, [1529.9122255776922], 67.75300000000598, [1529.887799665228], 67.75400000000599, [1529.8635264714642], 67.75500000000599, [1529.8394059896355], 67.756000000006, [1529.8154382129858], 67.757000000006, [1529.791623134758], 67.758000000006, [1529.7679607482003], 67.75900000000601, [1529.7444510465577], 67.76000000000602, [1529.7210940230682], 67.76100000000602, [1529.697889670984], 67.76200000000603, [1529.6748379835517], 67.76300000000603, [1529.6519389540167], 67.76400000000604, [1529.6291925756216], 67.76500000000604, [1529.6065988416174], 67.76600000000604, [1529.584157745248], 67.76700000000605, [1529.5618692797666], 67.76800000000605, [1529.5397334384156], 67.76900000000606, [1529.5177502144486], 67.77000000000606, [1529.4959196011064], 67.77100000000607, [1529.4742415916485], 67.77200000000607, [1529.452716179319], 67.77300000000608, [1529.4313433573645], 67.77400000000608, [1529.4101231190425], 67.77500000000609, [1529.389055457595], 67.77600000000609, [1529.3681403662852], 67.7770000000061, [1529.3473778383532], 67.7780000000061, [1529.3267678670604], 67.7790000000061, [1529.306310445645], 67.78000000000611, [1529.2860055673739], 67.78100000000612, [1529.265853225488], 67.78200000000612, [1529.245853413252], 67.78300000000613, [1529.226006123908], 67.78400000000613, [1529.2063113507209], 67.78500000000614, [1529.1867690869394], 67.78600000000614, [1529.1673793258208], 67.78700000000615, [1529.148142060614], 67.78800000000615, [1529.1290572845796], 67.78900000000615, [1529.1101249909673], 67.79000000000616, [1529.091345173045], 67.79100000000616, [1529.0727178240586], 67.79200000000617, [1529.054242937269], 67.79300000000617, [1529.0359205059358], 67.79400000000618, [1529.01775052331], 67.79500000000618, [1528.9997329826535], 67.79600000000619, [1528.981867877225], 67.7970000000062, [1528.9641552002865], 67.7980000000062, [1528.9465949450896], 67.7990000000062, [1528.9291871048927], 67.80000000000621, [1528.9119316729693], 67.80100000000621, [1528.8948286425657], 67.80200000000622, [1528.877878006944], 67.80300000000622, [1528.8610797593699], 67.80400000000623, [1528.8444338931063], 67.80500000000623, [1528.8279404014015], 67.80600000000624, [1528.8115992775395], 67.80700000000624, [1528.795410514762], 67.80800000000625, [1528.7793741063454], 67.80900000000625, [1528.7634900455444], 67.81000000000626, [1528.7477583256216], 67.81100000000626, [1528.7321789398504], 67.81200000000626, [1528.7167518814858], 67.81300000000627, [1528.7014771437948], 67.81400000000627, [1528.6863547200437], 67.81500000000628, [1528.6713846034988], 67.81600000000628, [1528.6565667874204], 67.81700000000629, [1528.6419012650838], 67.8180000000063, [1528.627388029743], 67.8190000000063, [1528.6130270746753], 67.8200000000063, [1528.598818393137], 67.82100000000631, [1528.584761978411], 67.82200000000631, [1528.5708578237482], 67.82300000000632, [1528.5571059224294], 67.82400000000632, [1528.54350626772], 67.82500000000633, [1528.5300588528814], 67.82600000000633, [1528.516763671192], 67.82700000000634, [1528.5036207159176], 67.82800000000634, [1528.4906299803292], 67.82900000000635, [1528.4777914576955], 67.83000000000635, [1528.4651051412861], 67.83100000000636, [1528.4525710243802], 67.83200000000636, [1528.4401891002394], 67.83300000000636, [1528.4279593621402], 67.83400000000637, [1528.415881803354], 67.83500000000637, [1528.4039564171467], 67.83600000000638, [1528.392183196804], 67.83700000000638, [1528.3805621355925], 67.83800000000639, [1528.3690932267853], 67.8390000000064, [1528.3577764636552], 67.8400000000064, [1528.3466118394772], 67.8410000000064, [1528.3355993475275], 67.84200000000641, [1528.3247389810851], 67.84300000000641, [1528.3140307334181], 67.84400000000642, [1528.3034745978064], 67.84500000000642, [1528.2930705675237], 67.84600000000643, [1528.2828186358468], 67.84700000000643, [1528.2727187960563], 67.84800000000644, [1528.2627710414265], 67.84900000000644, [1528.2529753652339], 67.85000000000645, [1528.2433317607547], 67.85100000000645, [1528.2338402212733], 67.85200000000646, [1528.2245007400657], 67.85300000000646, [1528.2153133104073], 67.85400000000647, [1528.2062779255837], 67.85500000000647, [1528.1973945788718], 67.85600000000647, [1528.1886632635492], 67.85700000000648, [1528.1800839729035], 67.85800000000648, [1528.1716567002052], 67.85900000000649, [1528.163381438744], 67.8600000000065, [1528.1552581817973], 67.8610000000065, [1528.1472869226538], 67.8620000000065, [1528.139467654583], 67.86300000000651, [1528.1318003708775], 67.86400000000651, [1528.1242850648187], 67.86500000000652, [1528.1169217296876], 67.86600000000652, [1528.109710358773], 67.86700000000653, [1528.102650945353], 67.86800000000653, [1528.095743482713], 67.86900000000654, [1528.0889879641427], 67.87000000000654, [1528.082384382922], 67.87100000000655, [1528.0759327323397], 67.87200000000655, [1528.0696330056826], 67.87300000000656, [1528.0634851962286], 67.87400000000656, [1528.057489297273], 67.87500000000657, [1528.0516453021044], 67.87600000000657, [1528.0459532040043], 67.87700000000657, [1528.0404129962628], 67.87800000000658, [1528.035024672167], 67.87900000000658, [1528.029788225006], 67.88000000000659, [1528.024703648069], 67.8810000000066, [1528.0197709346482], 67.8820000000066, [1528.0149900780211], 67.8830000000066, [1528.0103610714948], 67.88400000000661, [1528.0058839083497], 67.88500000000661, [1528.0015585818762], 67.88600000000662, [1527.9973850853667], 67.88700000000662, [1527.993363412112], 67.88800000000663, [1527.9894935554075], 67.88900000000663, [1527.9857755085372], 67.89000000000664, [1527.982209264807], 67.89100000000664, [1527.9787948174965], 67.89200000000665, [1527.9755321599048], 67.89300000000665, [1527.9724212853268], 67.89400000000666, [1527.9694621870542], 67.89500000000666, [1527.9666548583766], 67.89600000000667, [1527.963999292596], 67.89700000000667, [1527.9614954830042], 67.89800000000668, [1527.959143422899], 67.89900000000668, [1527.9569431055731], 67.90000000000668, [1527.9548945243275], 67.90100000000669, [1527.9529976724536], 67.9020000000067, [1527.9512525432456], 67.9030000000067, [1527.9496591300076], 67.9040000000067, [1527.9482174260327], 67.90500000000671, [1527.9469274246235], 67.90600000000671, [1527.9457891190673], 67.90700000000672, [1527.9448025026793], 67.90800000000672, [1527.9439675687431], 67.90900000000673, [1527.9432843105672], 67.91000000000673, [1527.9427527214507], 67.91100000000674, [1527.9423727946858], 67.91200000000674, [1527.9421445235846], 67.91300000000675, [1527.9420679014386], 67
nb d'éléments CL_95 = 450.0

CL_68 = [67.7990000000062, [1528.9291871048927], 67.80000000000621, [1528.9119316729693], 67.80100000000621, [1528.8948286425657], 67.80200000000622, [1528.877878006944], 67.80300000000622, [1528.8610797593699], 67.80400000000623, [1528.8444338931063], 67.80500000000623, [1528.8279404014015], 67.80600000000624, [1528.8115992775395], 67.80700000000624, [1528.795410514762], 67.80800000000625, [1528.7793741063454], 67.80900000000625, [1528.7634900455444], 67.81000000000626, [1528.7477583256216], 67.81100000000626, [1528.7321789398504], 67.81200000000626, [1528.7167518814858], 67.81300000000627, [1528.7014771437948], 67.81400000000627, [1528.6863547200437], 67.81500000000628, [1528.6713846034988], 67.81600000000628, [1528.6565667874204], 67.81700000000629, [1528.6419012650838], 67.8180000000063, [1528.627388029743], 67.8190000000063, [1528.6130270746753], 67.8200000000063, [1528.598818393137], 67.82100000000631, [1528.584761978411], 67.82200000000631, [1528.5708578237482], 67.82300000000632, [1528.5571059224294], 67.82400000000632, [1528.54350626772], 67.82500000000633, [1528.5300588528814], 67.82600000000633, [1528.516763671192], 67.82700000000634, [1528.5036207159176], 67.82800000000634, [1528.4906299803292], 67.82900000000635, [1528.4777914576955], 67.83000000000635, [1528.4651051412861], 67.83100000000636, [1528.4525710243802], 67.83200000000636, [1528.4401891002394], 67.83300000000636, [1528.4279593621402], 67.83400000000637, [1528.415881803354], 67.83500000000637, [1528.4039564171467], 67.83600000000638, [1528.392183196804], 67.83700000000638, [1528.3805621355925], 67.83800000000639, [1528.3690932267853], 67.8390000000064, [1528.3577764636552], 67.8400000000064, [1528.3466118394772], 67.8410000000064, [1528.3355993475275], 67.84200000000641, [1528.3247389810851], 67.84300000000641, [1528.3140307334181], 67.84400000000642, [1528.3034745978064], 67.84500000000642, [1528.2930705675237], 67.84600000000643, [1528.2828186358468], 67.84700000000643, [1528.2727187960563], 67.84800000000644, [1528.2627710414265], 67.84900000000644, [1528.2529753652339], 67.85000000000645, [1528.2433317607547], 67.85100000000645, [1528.2338402212733], 67.85200000000646, [1528.2245007400657], 67.85300000000646, [1528.2153133104073], 67.85400000000647, [1528.2062779255837], 67.85500000000647, [1528.1973945788718], 67.85600000000647, [1528.1886632635492], 67.85700000000648, [1528.1800839729035], 67.85800000000648, [1528.1716567002052], 67.85900000000649, [1528.163381438744], 67.8600000000065, [1528.1552581817973], 67.8610000000065, [1528.1472869226538], 67.8620000000065, [1528.139467654583], 67.86300000000651, [1528.1318003708775], 67.86400000000651, [1528.1242850648187], 67.86500000000652, 
[1528.1169217296876], 67.86600000000652, [1528.109710358773], 67.86700000000653, [1528.102650945353], 67.86800000000653, [1528.095743482713], 67.86900000000654, [1528.0889879641427], 67.87000000000654, [1528.082384382922], 67.87100000000655, [1528.0759327323397], 67.87200000000655, [1528.0696330056826], 67.87300000000656, [1528.0634851962286], 67.87400000000656, [1528.057489297273], 67.87500000000657, [1528.0516453021044], 67.87600000000657, [1528.0459532040043], 67.87700000000657, [1528.0404129962628], 67.87800000000658, [1528.035024672167], 67.87900000000658, [1528.029788225006], 67.88000000000659, [1528.024703648069], 67.8810000000066, [1528.0197709346482], 67.8820000000066, [1528.0149900780211], 67.8830000000066, [1528.0103610714948], 67.88400000000661, [1528.0058839083497], 67.88500000000661, [1528.0015585818762], 67.88600000000662, [1527.9973850853667], 67.88700000000662, [1527.993363412112], 67.88800000000663, [1527.9894935554075], 67.88900000000663, [1527.9857755085372], 67.89000000000664, [1527.982209264807], 67.89100000000664, [1527.9787948174965], 67.89200000000665, [1527.9755321599048], 67.89300000000665, [1527.9724212853268], 67.89400000000666, [1527.9694621870542], 67.89500000000666, [1527.9666548583766], 67.89600000000667, [1527.963999292596], 67.89700000000667, [1527.9614954830042], 67.89800000000668, [1527.959143422899], 67.89900000000668, [1527.9569431055731], 67.90000000000668, [1527.9548945243275], 67.90100000000669, [1527.9529976724536], 67.9020000000067, [1527.9512525432456], 67.9030000000067, [1527.9496591300076], 67.9040000000067, [1527.9482174260327], 67.90500000000671, [1527.9469274246235], 67.90600000000671, [1527.9457891190673], 67.90700000000672, [1527.9448025026793], 67.90800000000672, [1527.9439675687431], 67.90900000000673, [1527.9432843105672], 
67.91000000000673, [1527.9427527214507], 67.91100000000674, [1527.9423727946858], 67.91200000000674, [1527.9421445235846], 67.91300000000675, [1527.9420679014386], 67.91400000000675, [1527.9421429215545], 67.91500000000676, [1527.9423695772327], 67.91600000000676, [1527.9427478617708], 67.91700000000677, [1527.9432777684738], 67.91800000000677, [1527.9439592906451], 67.91900000000678, [1527.944792421591], 67.92000000000678, [1527.9457771546108], 67.92100000000679, [1527.9469134830028], 67.92200000000679, [1527.9482014000803], 67.9230000000068, [1527.9496408991433], 67.9240000000068, [1527.951231973498], 67.9250000000068, [1527.9529746164494], 67.92600000000681, [1527.954868821303], 67.92700000000681, [1527.9569145813668], 67.92800000000682, [1527.9591118899389], 67.92900000000682, [1527.9614607403328], 67.93000000000683, [1527.9639611258563], 67.93100000000683, [1527.9666130398118], 67.93200000000684, [1527.9694164755115], 67.93300000000684, [1527.9723714262598], 67.93400000000685, [1527.9754778853667], 67.93500000000685, [1527.9787358461424], 67.93600000000686, [1527.9821453018906], 67.93700000000686, [1527.98570624593], 67.93800000000687, [1527.9894186715655], 67.93900000000687, [1527.9932825721023], 67.94000000000688, [1527.99729794086], 67.94100000000688, [1528.001464771143], 67.94200000000689, [1528.005783056263], 67.94300000000689, [1528.01025278954], 67.9440000000069, [1528.0148739642705], 67.9450000000069, [1528.0196465737781], 67.9460000000069, [1528.024570611376], 67.94700000000691, [1528.0296460703719], 67.94800000000691, [1528.0348729440832], 67.94900000000692, [1528.0402512258202], 67.95000000000692, [1528.0457809089037], 67.95100000000693, [1528.0514619866397], 67.95200000000693, [1528.0572944523458], 67.95300000000694, [1528.0632782993384], 67.95400000000694, [1528.0694135209349], 67.95500000000695, [1528.0757001104491], 67.95600000000695, [1528.082138061197], 67.95700000000696, [1528.0887273665005], 67.95800000000696, [1528.0954680196671], 67.95900000000697, [1528.1023600140174], 67.96000000000697, [1528.1094033428737], 67.96100000000698, [1528.1165979995537], 67.96200000000698, [1528.1239439773674], 67.96300000000699, [1528.1314412696404], 67.96400000000699, [1528.1390898696968], 67.965000000007, [1528.1468897708494], 67.966000000007, [1528.154840966413], 67.967000000007, [1528.1629434497208], 67.96800000000701, [1528.1711972140827], 67.96900000000701, [1528.179602252829], 67.97000000000702, [1528.1881585592741], 67.97100000000702, [1528.196866126739], 67.97200000000703, [1528.2057249485495], 67.97300000000703, [1528.2147350180267], 67.97400000000704, [1528.2238963284976], 67.97500000000704, [1528.2332088732717], 67.97600000000705, [1528.2426726456893], 67.97700000000705, [1528.2522876390663], 67.97800000000706, [1528.2620538467286], 67.97900000000706, [1528.2719712619967], 67.98000000000707, [1528.2820398782012], 67.98100000000707, [1528.2922596886665], 67.98200000000708, [1528.3026306867162], 67.98300000000708, [1528.3131528656718], 67.98400000000709, [1528.32382621887], 67.98500000000709, [1528.3346507396352], 67.9860000000071, [1528.345626421288], 67.9870000000071, [1528.3567532571592], 67.9880000000071, [1528.3680312405781], 67.98900000000711, [1528.3794603648719], 67.99000000000711, [1528.3910406233688], 67.99100000000712, [1528.4027720094014], 67.99200000000712, [1528.4146545162912], 67.99300000000713, [1528.4266881373744], 67.99400000000713, [1528.4388728659794], 67.99500000000714, [1528.4512086954346], 67.99600000000714, [1528.4636956190718], 67.99700000000715, [1528.4763336302267], 67.99800000000715, [1528.4891227222233], 67.99900000000716, [1528.502062888397], 68.00000000000716, [1528.5151541220775], 68.00100000000717, [1528.5283964166083], 68.00200000000717, [1528.5417897653058], 68.00300000000718, [1528.5553341615148], 68.00400000000718, [1528.5690295985567], 68.00500000000719, [1528.5828760697848], 68.00600000000719, [1528.5968735685165], 68.0070000000072, [1528.611022088094], 68.0080000000072, [1528.6253216218495], 68.0090000000072, [1528.6397721631208], 68.01000000000721, [1528.6543737052432], 68.01100000000721, [1528.669126241552], 68.01200000000722, [1528.6840297653816], 68.01300000000722, [1528.6990842700736], 68.01400000000723, [1528.7142897489614], 68.01500000000723, [1528.7296461953842], 68.01600000000724, [1528.7451536026767], 68.01700000000724, [1528.7608119641845], 68.01800000000725, [1528.776621273239], 68.01900000000725, [1528.7925815231827], 68.02000000000726, [1528.8086927073548], 68.02100000000726, [1528.824954819093], 68.02200000000727, [1528.8413678517422], 68.02300000000727, [1528.8579317986362], 68.02400000000728, [1528.8746466531195], 68.02500000000728, [1528.8915124085288], 68.02600000000729, [1528.9085290582143], 68.02700000000729, [1528.9256965955144]]
nb d'éléments CL_68 = 229.0


CAS alpha_brout_f_lcdm = 0.192 ( alpha_brout_f_lcdm = ((H0brout_f_lcdm /H0planck)^2)-1 ) :

*delta = 0.001 ; H0 E [66.5;74.5] :

H0=  67.59500000000523 ; min = 1528.533034767618
Cl_95 = [67.37200000000416, [1532.3605482154476], 67.37300000000417, [1532.3262810100782], 67.37400000000417, [1532.2921683950206], 67.37500000000418, [1532.2582103633988], 67.37600000000418, [1532.2244069083365], 67.37700000000419, [1532.1907580229574], 67.37800000000419, [1532.1572637003896], 67.3790000000042, [1532.1239239337553], 67.3800000000042, [1532.090738716186], 67.3810000000042, [1532.0577080408004], 67.38200000000421, [1532.0248319007312], 67.38300000000422, [1531.9921102891024], 67.38400000000422, [1531.9595431990422], 67.38500000000423, [1531.9271306236828], 67.38600000000423, [1531.894872556146], 67.38700000000424, [1531.8627689895611], 67.38800000000424, [1531.83081991706], 67.38900000000424, [1531.7990253317678], 67.39000000000425, [1531.7673852268224], 67.39100000000425, [1531.7358995953452], 67.39200000000426, [1531.7045684304705], 67.39300000000426, [1531.6733917253296], 
67.39400000000427, [1531.6423694730504], 67.39500000000427, [1531.6115016667686], 67.39600000000428, [1531.580788299614], 67.39700000000428, [1531.5502293647216], 67.39800000000429, [1531.5198248552185], 67.39900000000429, [1531.489574764242], 67.4000000000043, [1531.4594790849224], 67.4010000000043, [1531.4295378104], 67.4020000000043, [1531.3997509337987], 67.40300000000431, [1531.370118448264], 67.40400000000432, [1531.3406403469248], 67.40500000000432, [1531.3113166229175], 67.40600000000433, [1531.2821472693756], 67.40700000000433, [1531.2531322794398], 67.40800000000434, [1531.224271646241], 67.40900000000434, [1531.1955653629198], 67.41000000000435, [1531.167013422617], 67.41100000000435, [1531.1386158184598], 67.41200000000435, [1531.1103725435935], 67.41300000000436, [1531.0822835911538], 67.41400000000436, [1531.0543489542808], 67.41500000000437, [1531.026568626116], 67.41600000000437, [1530.998942599792], 67.41700000000438, [1530.9714708684548], 67.41800000000438, [1530.9441534252405], 67.41900000000439, [1530.9169902632923], 67.42000000000439, [1530.8899813757503], 67.4210000000044, [1530.8631267557546], 67.4220000000044, [1530.8364263964486], 67.42300000000441, [1530.8098802909738], 67.42400000000441, [1530.7834884324716], 67.42500000000442, [1530.7572508140852], 67.42600000000442, [1530.7311674289592], 67.42700000000443, [1530.7052382702345], 67.42800000000443, [1530.679463331059], 67.42900000000444, [1530.6538426045709], 67.43000000000444, [1530.6283760839208], 67.43100000000445, [1530.6030637622496], 67.43200000000445, [1530.5779056327058], 67.43300000000445, [1530.5529016884311], 67.43400000000446, [1530.528051922576], 67.43500000000446, [1530.503356328286], 67.43600000000447, [1530.478814898704], 67.43700000000447, [1530.4544276269824], 67.43800000000448, [1530.4301945062657], 67.43900000000448, [1530.406115529704], 67.44000000000449, [1530.382190690442], 67.4410000000045, [1530.3584199816328], 67.4420000000045, [1530.3348033964241], 67.4430000000045, [1530.3113409279622], 67.44400000000451, [1530.288032569401], 67.44500000000451, [1530.2648783138911], 67.44600000000452, [1530.2418781545803], 67.44700000000452, [1530.2190320846198], 67.44800000000453, [1530.1963400971624], 67.44900000000453, [1530.173802185361], 67.45000000000454, [1530.1514183423615], 67.45100000000454, [1530.1291885613239], 67.45200000000455, [1530.1071128353951], 67.45300000000455, [1530.0851911577322], 67.45400000000456, [1530.0634235214877], 67.45500000000456, [1530.0418099198153], 67.45600000000456, [1530.0203503458674], 67.45700000000457, [1529.9990447928026], 67.45800000000457, [1529.9778932537736], 67.45900000000458, [1529.956895721936], 67.46000000000458, [1529.9360521904441], 67.46100000000459, [1529.9153626524587], 67.4620000000046, [1529.8948271011318], 67.4630000000046, [1529.874445529621], 67.4640000000046, [1529.8542179310837], 67.46500000000461, [1529.8341442986805], 67.46600000000461, [1529.8142246255657], 67.46700000000462, [1529.7944589049005], 67.46800000000462, [1529.7748471298398], 67.46900000000463, [1529.755389293548], 67.47000000000463, [1529.7360853891837], 67.47100000000464, [1529.7169354098983], 67.47200000000464, [1529.6979393488637], 67.47300000000465, [1529.6790971992332], 67.47400000000465, [1529.6604089541718], 67.47500000000466, [1529.6418746068377], 67.47600000000466, [1529.6234941503958], 67.47700000000467, 
[1529.605267578007], 67.47800000000467, [1529.5871948828312], 67.47900000000467, [1529.5692760580341], 67.48000000000468, [1529.551511096779], 67.48100000000468, [1529.5338999922292], 67.48200000000469, [1529.5164427375473], 67.4830000000047, [1529.4991393258967], 67.4840000000047, [1529.4819897504465], 67.4850000000047, [1529.464994004357], 67.48600000000471, [1529.4481520807983], 67.48700000000471, [1529.4314639729323], 67.48800000000472, [1529.4149296739267], 67.48900000000472, [1529.398549176948], 67.49000000000473, [1529.3823224751625], 67.49100000000473, [1529.3662495617398], 67.49200000000474, [1529.3503304298445], 67.49300000000474, [1529.3345650726467], 67.49400000000475, [1529.3189534833166], 67.49500000000475, [1529.3034956550155], 67.49600000000476, [1529.2881915809214], 67.49700000000476, [1529.2730412541987], 67.49800000000477, [1529.2580446680201], 67.49900000000477, [1529.2432018155541], 67.50000000000477, [1529.2285126899699], 67.50100000000478, [1529.2139772844437], 67.50200000000478, [1529.1995955921411], 67.50300000000479, [1529.1853676062376], 67.5040000000048, [1529.1712933199035], 67.5050000000048, [1529.1573727263105], 67.5060000000048, [1529.1436058186353], 67.50700000000481, [1529.1299925900466], 67.50800000000481, [1529.116533033722], 67.50900000000482, [1529.1032271428303], 67.51000000000482, [1529.090074910553], 67.51100000000483, [1529.07707633006], 67.51200000000483, [1529.0642313945264], 67.51300000000484, [1529.0515400971315], 67.51400000000484, [1529.0390024310427], 67.51500000000485, [1529.026618389447], 67.51600000000485, [1529.0143879655122], 67.51700000000486, [1529.0023111524188], 67.51800000000486, [1528.990387943346], 67.51900000000487, [1528.9786183314698], 67.52000000000487, [1528.9670023099684], 67.52100000000488, [1528.955539872018], 67.52200000000488, [1528.944231010801], 67.52300000000488, [1528.933075719493], 67.52400000000489, [1528.922073991276], 67.5250000000049, [1528.911225819331], 67.5260000000049, [1528.9005311968338], 67.5270000000049, [1528.8899901169727], 67.52800000000491, [1528.8796025729196], 67.52900000000491, [1528.8693685578623], 67.53000000000492, [1528.85928806498], 67.53100000000492, [1528.8493610874536], 67.53200000000493, [1528.839587618469], 67.53300000000493, [1528.829967651206], 67.53400000000494, [1528.8205011788514], 67.53500000000494, [1528.8111881945867], 67.53600000000495, [1528.802028691592], 67.53700000000495, [1528.7930226630594], 67.53800000000496, [1528.7841701021684], 67.53900000000496, [1528.7754710021068], 67.54000000000497, [1528.7669253560562], 67.54100000000497, [1528.758533157207], 67.54200000000498, [1528.750294398742], 67.54300000000498, [1528.7422090738494], 67.54400000000498, [1528.7342771757162], 67.54500000000499, [1528.7264986975265], 67.546000000005, [1528.718873632474], 67.547000000005, [1528.711401973743], 67.548000000005, [1528.7040837145234], 67.54900000000501, [1528.6969188480025], 67.55000000000501, [1528.6899073673692], 67.55100000000502, [1528.683049265815], 67.55200000000502, [1528.6763445365273], 67.55300000000503, [1528.669793172699], 67.55400000000503, [1528.6633951675192], 67.55500000000504, [1528.6571505141776], 67.55600000000504, [1528.6510592058705], 67.55700000000505, [1528.6451212357829], 67.55800000000505, [1528.6393365971119], 67.55900000000506, [1528.6337052830493], 67.56000000000506, [1528.6282272867852], 67.56100000000507, [1528.6229026015185], 67.56200000000507, [1528.6177312204334], 67.56300000000508, [1528.6127131367361], 67.56400000000508, [1528.6078483436083], 67.56500000000509, [1528.6031368342526], 67.56600000000509, [1528.5985786018657], 67.5670000000051, [1528.5941736396353], 67.5680000000051, [1528.5899219407627], 67.5690000000051, [1528.5858234984414], 67.57000000000511, [1528.5818783058712], 67.57100000000511, [1528.578086356249], 67.57200000000512, [1528.5744476427703], 67.57300000000512, [1528.5709621586313], 67.57400000000513, [1528.5676298970275], 67.57500000000513, [1528.5644508511682], 67.57600000000514, [1528.56142501424], 67.57700000000514, [1528.5585523794518], 67.57800000000515, [1528.5558329399955], 67.57900000000515, [1528.5532666890747], 67.58000000000516, [1528.5508536198913], 67.58100000000516, [1528.5485937256394], 67.58200000000517, [1528.546486999528], 67.58300000000517, [1528.5445334347517], 67.58400000000518, [1528.5427330245166], 67.58500000000518, [1528.541085762024], 67.58600000000519, [1528.5395916404761], 67.58700000000519, [1528.5382506530743], 67.5880000000052, [1528.5370627930222], 67.5890000000052, [1528.5360280535253], 67.5900000000052, [1528.5351464277862], 67.59100000000521, [1528.5344179090077], 67.59200000000521, [1528.533842490398], 67.59300000000522, [1528.5334201651585], 67.59400000000522, [1528.5331509264977], 67.59500000000523, [1528.533034767618], 6
nb d'éléments CL_95 = 448.0
CL_68 = [67.48200000000469, [1529.5164427375473], 67.4830000000047, [1529.4991393258967], 67.4840000000047, [1529.4819897504465], 67.4850000000047, [1529.464994004357], 67.48600000000471, [1529.4481520807983], 67.48700000000471, [1529.4314639729323], 67.48800000000472, [1529.4149296739267], 67.48900000000472, [1529.398549176948], 67.49000000000473, [1529.3823224751625], 67.49100000000473, [1529.3662495617398], 67.49200000000474, [1529.3503304298445], 67.49300000000474, [1529.3345650726467], 67.49400000000475, [1529.3189534833166], 67.49500000000475, [1529.3034956550155], 67.49600000000476, [1529.2881915809214], 67.49700000000476, [1529.2730412541987], 67.49800000000477, [1529.2580446680201], 67.49900000000477, [1529.2432018155541], 67.50000000000477, [1529.2285126899699], 67.50100000000478, [1529.2139772844437], 67.50200000000478, [1529.1995955921411], 67.50300000000479, [1529.1853676062376], 67.5040000000048, [1529.1712933199035], 67.5050000000048, [1529.1573727263105], 67.5060000000048, [1529.1436058186353], 67.50700000000481, [1529.1299925900466], 67.50800000000481, [1529.116533033722], 67.50900000000482, [1529.1032271428303], 67.51000000000482, [1529.090074910553], 67.51100000000483, [1529.07707633006], 67.51200000000483, [1529.0642313945264], 67.51300000000484, [1529.0515400971315], 67.51400000000484, [1529.0390024310427], 67.51500000000485, [1529.026618389447], 67.51600000000485, [1529.0143879655122], 67.51700000000486, [1529.0023111524188], 67.51800000000486, [1528.990387943346], 67.51900000000487, [1528.9786183314698], 67.52000000000487, [1528.9670023099684], 67.52100000000488, [1528.955539872018], 67.52200000000488, [1528.944231010801], 67.52300000000488, [1528.933075719493], 67.52400000000489, [1528.922073991276], 67.5250000000049, [1528.911225819331], 67.5260000000049, [1528.9005311968338], 67.5270000000049, [1528.8899901169727], 67.52800000000491, [1528.8796025729196], 67.52900000000491, [1528.8693685578623], 67.53000000000492, [1528.85928806498], 67.53100000000492, [1528.8493610874536], 67.53200000000493, [1528.839587618469], 67.53300000000493, [1528.829967651206], 67.53400000000494, [1528.8205011788514], 67.53500000000494, [1528.8111881945867], 67.53600000000495, [1528.802028691592], 67.53700000000495, [1528.7930226630594], 67.53800000000496, [1528.7841701021684], 67.53900000000496, [1528.7754710021068], 67.54000000000497, [1528.7669253560562], 67.54100000000497, [1528.758533157207], 67.54200000000498, [1528.750294398742], 67.54300000000498, [1528.7422090738494], 67.54400000000498, [1528.7342771757162], 67.54500000000499, [1528.7264986975265], 67.546000000005, [1528.718873632474], 67.547000000005, [1528.711401973743], 67.548000000005, [1528.7040837145234], 67.54900000000501, [1528.6969188480025], 67.55000000000501, [1528.6899073673692], 67.55100000000502, [1528.683049265815], 67.55200000000502, [1528.6763445365273], 67.55300000000503, [1528.669793172699], 67.55400000000503, [1528.6633951675192], 67.55500000000504, [1528.6571505141776], 67.55600000000504, [1528.6510592058705], 67.55700000000505, [1528.6451212357829], 67.55800000000505, [1528.6393365971119], 67.55900000000506, [1528.6337052830493], 67.56000000000506, [1528.6282272867852], 67.56100000000507, [1528.6229026015185], 67.56200000000507, [1528.6177312204334], 67.56300000000508, [1528.6127131367361], 67.56400000000508, [1528.6078483436083], 67.56500000000509, [1528.6031368342526], 67.56600000000509, [1528.5985786018657], 67.5670000000051, [1528.5941736396353], 67.5680000000051, [1528.5899219407627], 67.5690000000051, [1528.5858234984414], 67.57000000000511, [1528.5818783058712], 
67.57100000000511, [1528.578086356249], 67.57200000000512, [1528.5744476427703], 67.57300000000512, [1528.5709621586313], 67.57400000000513, [1528.5676298970275], 67.57500000000513, [1528.5644508511682], 67.57600000000514, [1528.56142501424], 67.57700000000514, [1528.5585523794518], 67.57800000000515, [1528.5558329399955], 67.57900000000515, [1528.5532666890747], 67.58000000000516, [1528.5508536198913], 67.58100000000516, [1528.5485937256394], 67.58200000000517, [1528.546486999528], 67.58300000000517, [1528.5445334347517], 67.58400000000518, [1528.5427330245166], 67.58500000000518, [1528.541085762024], 67.58600000000519, [1528.5395916404761], 67.58700000000519, [1528.5382506530743], 67.5880000000052, [1528.5370627930222], 67.5890000000052, [1528.5360280535253], 67.5900000000052, [1528.5351464277862], 67.59100000000521, [1528.5344179090077], 67.59200000000521, [1528.533842490398], 67.59300000000522, [1528.5334201651585], 67.59400000000522, [1528.5331509264977], 67.59500000000523, [1528.533034767618], 67.59600000000523, [1528.5330716817286], 67.59700000000524, [1528.5332616620367], 67.59800000000524, [1528.5336047017454], 67.59900000000525, [1528.534100794064], 67.60000000000525, [1528.5347499321988], 67.60100000000526, [1528.535552109361], 67.60200000000526, [1528.5365073187556], 67.60300000000527, [1528.5376155535926], 67.60400000000527, [1528.5388768070825], 67.60500000000528, [1528.5402910724338], 67.60600000000528, [1528.5418583428545], 67.60700000000529, [1528.5435786115584], 67.60800000000529, [1528.5454518717524], 67.6090000000053, [1528.547478116649], 67.6100000000053, [1528.549657339459], 67.6110000000053, [1528.551989533394], 67.61200000000531, [1528.5544746916673], 67.61300000000531, [1528.55711280749], 67.61400000000532, [1528.559903874078], 67.61500000000532, [1528.5628478846397], 67.61600000000533, [1528.5659448323909], 67.61700000000533, [1528.5691947105447], 67.61800000000534, [1528.5725975123175], 67.61900000000534, [1528.5761532309218], 67.62000000000535, [1528.5798618595702], 67.62100000000535, [1528.583723391486], 67.62200000000536, [1528.5877378198763], 67.62300000000536, [1528.5919051379637], 67.62400000000537, [1528.5962253389587], 67.62500000000537, [1528.6006984160833], 67.62600000000538, [1528.6053243625536], 67.62700000000538, [1528.610103171584], 67.62800000000539, [1528.6150348363938], 67.62900000000539, [1528.6201193502031], 67.6300000000054, [1528.625356706231], 67.6310000000054, [1528.6307468976936], 67.6320000000054, [1528.6362899178116], 67.63300000000541, [1528.641985759807], 67.63400000000541, [1528.647834416895], 67.63500000000542, [1528.6538358823009], 67.63600000000542, [1528.6599901492416], 67.63700000000543, [1528.666297210942], 67.63800000000543, [1528.6727570606217], 67.63900000000544, [1528.6793696915022], 67.64000000000544, [1528.686135096808], 67.64100000000545, [1528.693053269757], 67.64200000000545, [1528.7001242035785], 67.64300000000546, [1528.707347891493], 67.64400000000546, [1528.714724326727], 67.64500000000547, [1528.7222535024976], 67.64600000000547, [1528.7299354120341], 67.64700000000548, [1528.7377700485633], 67.64800000000548, [1528.745757405306], 67.64900000000549, [1528.7538974754937], 67.65000000000549, [1528.7621902523458], 67.6510000000055, [1528.7706357290942], 67.6520000000055, [1528.7792338989584], 67.6530000000055, [1528.7879847551744], 67.65400000000551, [1528.7968882909652], 67.65500000000551, [1528.805944499557], 67.65600000000552, [1528.8151533741827], 67.65700000000552, [1528.8245149080694], 67.65800000000553, [1528.8340290944398], 67.65900000000553, [1528.843695926532], 67.66000000000554, [1528.8535153975686], 67.66100000000554, [1528.8634875007856], 67.66200000000555, [1528.8736122294076], 67.66300000000555, [1528.883889576674], 67.66400000000556, [1528.8943195358052], 67.66500000000556, [1528.9049021000421], 67.66600000000557, [1528.9156372626098], 67.66700000000557, [1528.9265250167462], 67.66800000000558, [1528.9375653556758], 67.66900000000558, [1528.9487582726401], 67.67000000000559, [1528.9601037608693], 67.67100000000559, [1528.971601813595], 67.6720000000056, [1528.9832524240553], 67.6730000000056, [1528.99505558548], 67.6740000000056, [1529.007011291107], 67.67500000000561, [1529.0191195341724], 67.67600000000562, [1529.0313803079096], 67.67700000000562, [1529.043793605555], 67.67800000000562, [1529.056359420347], 67.67900000000563, [1529.0690777455166], 67.68000000000563, [1529.0819485743066], 67.68100000000564, [1529.0949718999532], 67.68200000000564, 
[1529.1081477156904], 67.68300000000565, [1529.12147601476], 67.68400000000565, [1529.1349567904015], 67.68500000000566, [1529.1485900358498], 67.68600000000566, [1529.162375744347], 67.68700000000567, [1529.1763139091288], 67.68800000000567, [1529.190404523442], 67.68900000000568, [1529.204647580522], 67.69000000000568, [1529.2190430736093], 67.69100000000569, [1529.2335909959506], 67.69200000000569, [1529.248291340779], 67.6930000000057, [1529.263144101338], 67.6940000000057, [1529.2781492708764], 67.6950000000057, [1529.2933068426305], 67.69600000000571, [1529.3086168098448], 67.69700000000572, [1529.324079165763], 67.69800000000572, [1529.339693903626], 67.69900000000573, [1529.3554610166816], 67.70000000000573, [1529.3713804981749], 67.70100000000573, [1529.3874523413465], 67.70200000000574, [1529.4036765394426], 67.70300000000574, [1529.420053085713], 67.70400000000575, [1529.436581973392], 67.70500000000575, [1529.4532631957422], 67.70600000000576, [1529.4700967459955], 67.70700000000576, [1529.4870826174072], 67.70800000000577, [1529.5042208032244], 67.70900000000577, [1529.5215112966885]]
nb d'éléments CL_68 = 228.0